   0.0000000000000000        0.0000000000000000       -0.0000000000000000     
   1.0000000000000000E-002   97.505157703638957        109512.71727892825     
   2.0000000000000000E-002   79.832713202841362        34789.914513771953     
   2.9999999999999999E-002   101.78789298005141        30740.804058327260     
   4.0000000000000001E-002   94.441425402875538        25470.204032011337     
   5.0000000000000003E-002   91.538517117388295        21880.094661332805     
   5.9999999999999998E-002   84.299625796464269        15740.394589637845     
   7.0000000000000007E-002   96.886497352397868        21675.201176149450     
   8.0000000000000002E-002   83.162191128108503        17371.699145393224     
   8.9999999999999997E-002   87.696013019344406        16574.469096924058     
  0.10000000000000001        85.492160439755892        14158.501838793816     
  0.11000000000000000        88.040076892496373        14641.945572905026     
  0.12000000000000000        78.171255778085467        10853.546253769888     
  0.13000000000000000        71.559248003083482        11126.485849494427     
  0.14000000000000001        84.277928951046775        12307.473681084708     
  0.14999999999999999        69.236882920323239        10237.558001819878     
  0.16000000000000000        75.956089246332795        11514.564313914263     
  0.17000000000000001        67.786674880376239        9815.0817961738430     
  0.17999999999999999        64.006609666422122        9063.3780882915635     
  0.19000000000000000        65.511839646520514        9619.6566480999336     
  0.20000000000000001        68.754347587529978        8925.1771013571488     
  0.20999999999999999        60.519440371327171        9058.1745350208585     
  0.22000000000000000        46.402277476640165        8418.7571863932299     
  0.23000000000000001        53.313922882629619        9445.8071270450255     
  0.23999999999999999        49.873090448084305        7766.4465609990202     
  0.25000000000000000        41.426810252925591        7920.4394874295203     
  0.26000000000000001        35.203744013104199        7949.7670379311976     
  0.27000000000000002        27.179537630073533        7779.6522635098054     
  0.28000000000000003        29.060466090849896        7933.9172122854379     
  0.28999999999999998        28.104531934193936        8706.0323231689399     
  0.29999999999999999        16.984663981400377        7379.3584967002425     
  0.31000000000000000        28.073503581962512        7688.9109525676377     
  0.32000000000000001        13.333590776032860        6989.6037436699789     
  0.33000000000000002        9.5573762988309525        6643.6007285608530     
  0.34000000000000002        7.9107146711130278        6826.4394165312251     
  0.34999999999999998        13.553591117494342        6833.2131344282570     
  0.35999999999999999       -2.0691753408082656        7209.8599289614222     
  0.37000000000000000       -2.8055225480754564        6879.1692777365643     
  0.38000000000000000       -11.884119382991010        6160.0983455158912     
  0.39000000000000001       -13.651528232903646        5988.7066215866380     
  0.40000000000000002       -14.961335680834406        6341.5361734359731     
  0.40999999999999998       -27.735158956972853        6796.7655859039824     
  0.41999999999999998       -29.348688760572056        5760.0751742332013     
  0.42999999999999999       -25.125986191439637        6716.3795637278881     
  0.44000000000000000       -29.734599858626979        5808.4490293687977     
  0.45000000000000001       -32.200147337060947        5481.4772086488711     
  0.46000000000000002       -43.399862591043217        5913.4283646188596     
  0.46999999999999997       -51.896680509869114        5474.5405266086427     
  0.47999999999999998       -47.483587732983146        6125.3239661491380     
  0.48999999999999999       -51.716811682179255        6277.4993105449103     
  0.50000000000000000       -55.089439467653683        5278.5399500487429     
  0.51000000000000001       -59.531021329324794        6069.8337088654043     
  0.52000000000000002       -66.739192331603917        6153.1573995941008     
  0.53000000000000003       -70.787039522477841        5404.2200000749117     
  0.54000000000000004       -71.836386909795749        5256.4012787304955     
  0.55000000000000004       -79.109375037014260        5761.5670808391269     
  0.56000000000000005       -80.592174690393648        4909.1024823233620     
  0.56999999999999995       -86.918882629920873        6024.1073083697820     
  0.57999999999999996       -103.44638610382022        5063.4471203105331     
  0.58999999999999997       -114.50079067534757        4963.2855943353570     
  0.59999999999999998       -106.35792002054369        6412.5432031871023     
  0.60999999999999999       -107.57211284005558        5923.4010312913197     
  0.62000000000000000       -113.26907852435031        5549.9002716827854     
  0.63000000000000000       -120.30443826712765        5288.8116001905983     
  0.64000000000000001       -112.02057357629504        4705.8662625015095     
  0.65000000000000002       -136.49927341275315        4735.3719005940293     
  0.66000000000000003       -136.27077195435282        4965.2925040977643     
  0.67000000000000004       -139.88271047907233        4571.8609557191376     
  0.68000000000000005       -143.04531499215659        5333.8156150090726     
  0.68999999999999995       -143.80772088536600        4906.9654307485471     
  0.69999999999999996       -143.56574381213497        5003.3113481914188     
  0.70999999999999996       -165.69308922808833        4652.2794811139211     
  0.71999999999999997       -148.31613390885033        5131.1812798632454     
  0.72999999999999998       -164.18722796459235        4772.3810572349503     
  0.73999999999999999       -157.84683724371396        5156.3995260795491     
  0.75000000000000000       -162.52462997486103        4228.9867210379634     
  0.76000000000000001       -168.91800533730515        5295.9649516489990     
  0.77000000000000002       -172.17500267985719        4131.0548995363788     
  0.78000000000000003       -193.30827105476487        5405.8632831626310     
  0.79000000000000004       -181.51688636469919        4257.4508687394919     
  0.80000000000000004       -200.32470057816192        4745.8182937025704     
  0.81000000000000005       -204.25242885353089        4659.1721195643186     
  0.81999999999999995       -197.39622520101500        5087.5693702118006     
  0.82999999999999996       -204.36209481530949        4531.4486279824196     
  0.83999999999999997       -204.04248515434304        4727.9087830614444     
  0.84999999999999998       -209.42364053205540        4872.7775135637276     
  0.85999999999999999       -217.15700261811293        3848.0932185850324     
  0.87000000000000000       -224.50820341855780        3837.9386760644993     
  0.88000000000000000       -226.04377066627583        4462.8087860495434     
  0.89000000000000001       -230.29431483565415        4814.6200194204721     
  0.90000000000000002       -234.42191648535623        4469.5305199089271     
  0.91000000000000003       -235.63391479736597        4615.6201365354573     
  0.92000000000000004       -238.29440496818719        4595.6076737655676     
  0.93000000000000005       -252.37214344535076        4958.7912805004744     
  0.93999999999999995       -253.60862831561090        4076.5793065381804     
  0.94999999999999996       -247.46118783607869        5145.9901351927110     
  0.95999999999999996       -261.55530005011076        4860.6826534774154     
  0.96999999999999997       -255.09858696270260        4399.7749174477794     
  0.97999999999999998       -274.53355686588469        4121.9405457636312     
  0.98999999999999999       -270.65157703966219        4731.5308487582952     
   1.0000000000000000       -264.77032535044788        5260.9853307077865     
