   0.0000000000000000        0.0000000000000000       -0.0000000000000000     
   1.0000000000000000E-002   174.55059174835174        185360.64771522040     
   2.0000000000000000E-002   179.55131386139874        82594.423159278158     
   2.9999999999999999E-002   194.45519876879544        80416.846147363336     
   4.0000000000000001E-002   190.45399154904584        47622.656333259678     
   5.0000000000000003E-002   197.97800904850584        49269.844697393928     
   5.9999999999999998E-002   177.57074147514041        31751.748362112932     
   7.0000000000000007E-002   179.30294773987529        31118.882487632240     
   8.0000000000000002E-002   185.75060117469016        31949.234386553610     
   8.9999999999999997E-002   187.59623748264192        27357.267240029018     
  0.10000000000000001        183.27687023563166        29115.768970065765     
  0.11000000000000000        169.66206898743852        23674.102274018263     
  0.12000000000000000        177.97921590684572        25049.061674069235     
  0.13000000000000000        160.73008186666988        24013.129542929077     
  0.14000000000000001        166.29674800445753        21108.493682968430     
  0.14999999999999999        168.66427659067077        22294.677950955956     
  0.16000000000000000        150.42187522392030        19753.624958614171     
  0.17000000000000001        166.56861968292003        20521.907878688366     
  0.17999999999999999        155.17160053361962        20751.208242265766     
  0.19000000000000000        145.37011743592038        18042.189386743077     
  0.20000000000000001        153.10120080671936        18638.207105557882     
  0.20999999999999999        121.36255415586139        16067.606531995350     
  0.22000000000000000        140.14477463550421        18572.585351875274     
  0.23000000000000001        140.51769145447133        19505.332432855870     
  0.23999999999999999        118.04103075137148        17479.517275349688     
  0.25000000000000000        91.953939113093384        15438.908449931027     
  0.26000000000000001        93.920539810475745        15039.553941839440     
  0.27000000000000002        79.386515168983280        16190.409073974079     
  0.28000000000000003        97.406036439308110        15058.762923377466     
  0.28999999999999998        82.518753072085360        15087.107127372734     
  0.29999999999999999        80.691824602392316        14429.228063336985     
  0.31000000000000000        73.144948345540399        14804.866586505999     
  0.32000000000000001        66.020086596453751        14340.114244539998     
  0.33000000000000002        70.267774724999825        19368.769234573891     
  0.34000000000000002        60.011246609501470        15627.696160369984     
  0.34999999999999998        32.902100722124580        12547.658567411476     
  0.35999999999999999        31.797031439783019        13182.187210173845     
  0.37000000000000000        31.687409952507167        12934.833773905837     
  0.38000000000000000        31.891104245705765        12929.546810303929     
  0.39000000000000001        41.151029938316825        17408.176509711793     
  0.40000000000000002        33.510865620694624        14961.033303822574     
  0.40999999999999998        35.315143851791973        12378.767037572579     
  0.41999999999999998       0.41395875762388190        13066.837735502651     
  0.42999999999999999        8.3855389070926520        16369.401145590862     
  0.44000000000000000        2.7474425914144822        13932.618735467502     
  0.45000000000000001       -1.5758659447005778        10737.633867906430     
  0.46000000000000002       -27.945223118663101        12406.248521673229     
  0.46999999999999997       -8.8630229107438812        12246.378467354823     
  0.47999999999999998       -21.964586205144904        11060.756694823000     
  0.48999999999999999       -21.692291089266959        12386.660282002902     
  0.50000000000000000       -24.395959266720613        11105.366270097780     
  0.51000000000000001       -42.845426604277634        11944.457324260207     
  0.52000000000000002       -53.702405926360406        11185.113273288887     
  0.53000000000000003       -27.658033876439806        13623.183651918234     
  0.54000000000000004       -59.516545245022293        12819.683716108057     
  0.55000000000000004       -70.906589996447195        11316.000894721008     
  0.56000000000000005       -56.290589037109925        11766.495339821744     
  0.56999999999999995       -46.128574641819398        11875.498322772473     
  0.57999999999999996       -90.718511893180761        11272.401321555231     
  0.58999999999999997       -71.343905275386845        14157.211833452398     
  0.59999999999999998       -76.245721550458626        11965.207685917729     
  0.60999999999999999       -69.322407394604056        12977.881186293893     
  0.62000000000000000       -46.899944905783343        13823.756217997219     
  0.63000000000000000       -94.266341069016875        13241.869654135493     
  0.64000000000000001       -79.958497417885155        13287.724267052035     
  0.65000000000000002       -90.305454969978470        12706.506556398643     
  0.66000000000000003       -88.437321998162730        10886.348626911762     
  0.67000000000000004       -110.50199367984439        10360.062637724453     
  0.68000000000000005       -99.526796463643919        11095.683215187822     
  0.68999999999999995       -108.30008073180596        10793.934035812619     
  0.69999999999999996       -102.08979286185956        10560.170654025311     
  0.70999999999999996       -118.71774036791906        10321.241642389905     
  0.71999999999999997       -121.45780465998041        11462.738914489126     
  0.72999999999999998       -125.10977753826108        11375.597892250096     
  0.73999999999999999       -114.98872423931326        9323.3578457832627     
  0.75000000000000000       -102.54429337987276        13214.337130773747     
  0.76000000000000001       -121.21150731825271        11478.779404370993     
  0.77000000000000002       -98.521483857243780        11754.874803130107     
  0.78000000000000003       -99.930032510409603        11156.247356155336     
  0.79000000000000004       -131.14392430854846        10813.501409434935     
  0.80000000000000004       -137.41400732087973        9797.9689651323897     
  0.81000000000000005       -110.59354195507640        13079.270425857354     
  0.81999999999999995       -144.94795163871427        9179.3241750018205     
  0.82999999999999996       -102.86223037074936        12493.794176290896     
  0.83999999999999997       -88.521071351402199        11498.537477246064     
  0.84999999999999998       -100.43274471647223        10481.516725255135     
  0.85999999999999999       -91.746951031917035        14081.968658101709     
  0.87000000000000000       -109.82485567808160        7964.7963635032756     
  0.88000000000000000       -58.721579541264347        9941.3582358180283     
  0.89000000000000001       -111.36037340151941        9675.2670058539370     
  0.90000000000000002       -128.45571296773349        8901.4946224182750     
  0.91000000000000003       -79.900028875354536        12845.411468490674     
  0.92000000000000004       -105.28387606792381        11379.431645999664     
  0.93000000000000005       -79.800972113193907        11583.755383353327     
  0.93999999999999995       -47.763952887827550        11279.072146361508     
  0.94999999999999996       -88.330372680071463        10527.880682188537     
  0.95999999999999996       -28.509925381926436        11145.674949157410     
  0.96999999999999997       -30.018492144016104        9785.4659042799740     
  0.97999999999999998       -12.948718527132579        11846.356606167246     
  0.98999999999999999       -50.552716735615014        10236.978374016717     
   1.0000000000000000       -34.712238943282472        10504.020583734702     
