   0.0000000000000000        0.0000000000000000        0.0000000000000000     
   1.0000000000000000E-002   110.37847472949352        154243.49944907203     
   2.0000000000000000E-002   97.351787607735545        41412.166284728853     
   2.9999999999999999E-002   115.38455124020996        39726.710641246311     
   4.0000000000000001E-002   115.93738927923440        33909.525057948522     
   5.0000000000000003E-002   101.79860934487381        23102.112638583756     
   5.9999999999999998E-002   117.01216421168013        22975.687378434744     
   7.0000000000000007E-002   104.30821328836738        19401.660427318093     
   8.0000000000000002E-002   117.01714417582602        25276.686357027433     
   8.9999999999999997E-002   107.94514590715272        14465.190580519726     
  0.10000000000000001        110.31499506708609        17342.959374912167     
  0.11000000000000000        111.94052379303778        17767.194592249325     
  0.12000000000000000        108.72204015311722        15406.456574748583     
  0.13000000000000000        104.72542391157177        15246.375351397821     
  0.14000000000000001        105.26136855010103        14047.297427553611     
  0.14999999999999999        90.851055037174234        12137.856533488939     
  0.16000000000000000        71.931519643645501        9704.5423466560405     
  0.17000000000000001        93.415204090440298        14337.504817008976     
  0.17999999999999999        79.478834066735118        11861.118032047223     
  0.19000000000000000        69.026522776835705        11114.117514382058     
  0.20000000000000001        81.544652415632868        12069.690066706386     
  0.20999999999999999        68.277530703705168        10624.813856799497     
  0.22000000000000000        72.324796954656605        13000.082962150613     
  0.23000000000000001        70.811157459546237        12626.928734419987     
  0.23999999999999999        54.971851917993128        11140.451110237453     
  0.25000000000000000        50.275224707723986        8793.0352301529019     
  0.26000000000000001        52.023744657105631        9209.6875748202219     
  0.27000000000000002        47.220420386673339        10485.987561606011     
  0.28000000000000003        60.267781375171126        11987.506863790664     
  0.28999999999999998        30.692225149994172        9337.5155747834269     
  0.29999999999999999        29.145613620404756        9409.6829046213588     
  0.31000000000000000        22.027875847324292        7520.8920705315513     
  0.32000000000000001        14.040044866057892        7474.4822035336474     
  0.33000000000000002        21.328326060055694        7699.4934237341959     
  0.34000000000000002        17.793427214315194        8995.9332786993618     
  0.34999999999999998        2.0814634847878430        7555.0219753322917     
  0.35999999999999999       -2.8691664220830466        8333.7809775462047     
  0.37000000000000000        1.9619660993200254        7366.5483212137915     
  0.38000000000000000        8.5055182832135081        8685.1492716015109     
  0.39000000000000001       -19.126599198792274        6137.8350520980521     
  0.40000000000000002       -19.284593516586401        7607.3471861511234     
  0.40999999999999998       -23.883222198837021        8085.0528294412916     
  0.41999999999999998       -17.720855256576641        7751.4425729757313     
  0.42999999999999999       -30.305439979703451        8488.0388567542668     
  0.44000000000000000       -36.241388276312840        7227.3811385040535     
  0.45000000000000001       -34.367676762492181        8666.2610983783470     
  0.46000000000000002       -48.115287412271385        6985.9169678048529     
  0.46999999999999997       -65.723031018552518        7027.4446493967289     
  0.47999999999999998       -61.021335080988884        6140.4476866003688     
  0.48999999999999999       -67.259582022568793        6625.6491027310258     
  0.50000000000000000       -75.921200442098296        7269.0365665213076     
  0.51000000000000001       -69.322170359869872        7273.2833715621618     
  0.52000000000000002       -61.081382949192616        7914.5657792544407     
  0.53000000000000003       -79.503936156259940        7623.9552773696478     
  0.54000000000000004       -77.307157253418865        6869.4166468967005     
  0.55000000000000004       -88.774341647558714        7459.9658819998886     
  0.56000000000000005       -98.282984923532354        6144.2290192958681     
  0.56999999999999995       -92.620051199792542        6471.2246063078401     
  0.57999999999999996       -110.40549341331568        6588.4925220028945     
  0.58999999999999997       -105.15099829922768        8810.3643595634949     
  0.59999999999999998       -106.77733277673876        6523.2828091973170     
  0.60999999999999999       -121.61976985235519        6583.2737409306865     
  0.62000000000000000       -134.83741698986825        6811.3080046582290     
  0.63000000000000000       -121.44551813840340        6532.4982021516134     
  0.64000000000000001       -130.90544629221310        6945.2781065977470     
  0.65000000000000002       -136.24996708448535        7293.9605487616536     
  0.66000000000000003       -145.57922086012852        6292.6704285735614     
  0.67000000000000004       -160.80561402901773        6559.7801952709997     
  0.68000000000000005       -165.55189745410846        5699.9581949710919     
  0.68999999999999995       -166.61366206282830        5854.3364582451541     
  0.69999999999999996       -176.71642105012916        5296.8309272724982     
  0.70999999999999996       -166.69984663502365        5591.2716940423488     
  0.71999999999999997       -165.59530970071503        6653.9142506144344     
  0.72999999999999998       -179.19657044835947        6310.9187871516042     
  0.73999999999999999       -173.94817026433080        5205.0922296619465     
  0.75000000000000000       -181.97831607594225        6876.5048644354683     
  0.76000000000000001       -197.32695899954143        6227.5104225464966     
  0.77000000000000002       -201.50639572818454        6921.7079751917045     
  0.78000000000000003       -193.91120477930122        6568.0257310703964     
  0.79000000000000004       -219.30104739596854        5757.7961799869227     
  0.80000000000000004       -212.21938579644197        5534.1486700389287     
  0.81000000000000005       -218.36761066087143        6210.3983312761047     
  0.81999999999999995       -221.19385801258571        5736.8651006558284     
  0.82999999999999996       -214.89138866241143        5267.5258614192062     
  0.83999999999999997       -224.03539173476582        6319.2044534773158     
  0.84999999999999998       -238.73621558424415        5464.1970313284692     
  0.85999999999999999       -246.16065266696734        5648.4933084339282     
  0.87000000000000000       -237.26996615043998        6318.6971087577840     
  0.88000000000000000       -247.05707120602085        5975.5609690777710     
  0.89000000000000001       -252.35153421838996        7170.3014557770221     
  0.90000000000000002       -259.40783985300129        5478.0571610871120     
  0.91000000000000003       -247.20670158808653        6002.0236124644653     
  0.92000000000000004       -261.09994451167222        5848.3771165990765     
  0.93000000000000005       -275.63544408269041        6264.9534615280572     
  0.93999999999999995       -277.58779686391290        5222.1582243936573     
  0.94999999999999996       -284.17606812419177        4976.2867193307320     
  0.95999999999999996       -289.34374559642066        5422.8374960329238     
  0.96999999999999997       -287.97126780685767        5557.4870119572442     
  0.97999999999999998       -275.72493081808489        5891.9937953504705     
  0.98999999999999999       -295.31397761658764        5142.6861395842861     
   1.0000000000000000       -301.66604042919698        5028.7827488936600     
