    1.1111111111111111E-003   77.630462678503548        321211.09810977912     
   2.2222222222222222E-003   84.190543972172236        239707.29036113227     
   3.3333333333333335E-003   152.18697674133807        383233.94640416175     
   4.4444444444444444E-003   98.215139559383033        91872.033496500851     
   5.5555555555555558E-003   203.50925488050996        610016.70414227666     
   6.6666666666666671E-003   106.39341712471193        102637.34864523743     
   7.7777777777777776E-003   148.23262316003829        244673.29869722060     
   8.8888888888888889E-003   167.75287477494655        178758.32289576845     
   1.0000000000000000E-002   165.93975967264657        121132.58344858512     
   1.1111111111111112E-002   134.35438415370450        102782.57986228188     
   1.2222222222222223E-002   146.90066374430054        121027.01608922202     
   1.3333333333333334E-002   155.83663612825740        121005.08201986316     
   1.4444444444444444E-002   147.16084936980656        78880.257419366113     
   1.5555555555555555E-002   158.69624576430272        115127.88846511913     
   1.6666666666666666E-002   165.75402365290873        103293.05191045320     
   1.7777777777777778E-002   139.88831245247661        58393.379391263741     
   1.8888888888888889E-002   146.21971452996024        68429.877103027044     
   2.0000000000000000E-002   158.86826152826464        77708.956202615867     
   2.1111111111111112E-002   147.28764377461093        64285.597779861404     
   2.2222222222222223E-002   152.34814250706074        63111.518336137073     
   2.3333333333333334E-002   149.02286000026260        54928.776668398656     
   2.4444444444444446E-002   160.80433536225840        69314.274451435806     
   2.5555555555555557E-002   142.14655492814941        58012.813150056958     
   2.6666666666666668E-002   159.13667321539788        63923.314728478603     
   2.7777777777777776E-002   156.41576177658050        52113.014790484915     
   2.8888888888888888E-002   161.32041997851732        56741.204262770494     
   2.9999999999999999E-002   162.19309793729349        52438.557654501514     
   3.1111111111111110E-002   163.66098902318421        47562.225358032891     
   3.2222222222222222E-002   157.79620848694333        66083.805788010461     
   3.3333333333333333E-002   161.41268420830599        62626.584346214018     
   3.4444444444444444E-002   164.81096482602257        51817.231379488716     
   3.5555555555555556E-002   168.30565171345532        49146.878712855381     
   3.6666666666666667E-002   195.01196030093769        59555.918437788212     
   3.7777777777777778E-002   167.45530164376183        50477.154223862693     
   3.8888888888888890E-002   171.73893138368763        45918.765776172848     
   4.0000000000000001E-002   158.76519086886896        43782.016978704050     
   4.1111111111111112E-002   178.20563766063611        51156.102391950044     
   4.2222222222222223E-002   166.14686544137138        45698.297706679143     
   4.3333333333333335E-002   146.29893677191438        40226.189145970799     
   4.4444444444444446E-002   158.02341299960977        37358.543948159509     
   4.5555555555555557E-002   160.53106134617843        38721.061482884579     
   4.6666666666666669E-002   166.31739698785907        45250.242600426864     
   4.7777777777777780E-002   164.25832139699409        37804.730753731099     
   4.8888888888888891E-002   171.55687384836793        47102.828764536942     
   5.0000000000000003E-002   152.32304085048170        31999.646862548456     
   5.1111111111111114E-002   161.57404794404795        39456.316805615905     
   5.2222222222222225E-002   171.57593851859548        34618.637386844930     
   5.3333333333333337E-002   159.02834160368431        36394.401483539419     
   5.4444444444444441E-002   181.24595673061498        40026.028671054621     
   5.5555555555555552E-002   175.58722421305208        43455.384189814278     
   5.6666666666666664E-002   179.82765034043865        35513.227810368582     
   5.7777777777777775E-002   162.54555372582644        39321.973947240316     
   5.8888888888888886E-002   169.81379915941727        32492.214202561358     
   5.9999999999999998E-002   166.09439137644418        31012.623430520602     
   6.1111111111111109E-002   168.37894458694450        35375.985689287001     
   6.2222222222222220E-002   162.67717127950490        36500.212582813758     
   6.3333333333333339E-002   165.32557839528090        30448.449550350138     
   6.4444444444444443E-002   168.35015301481056        30248.283790066063     
   6.5555555555555561E-002   160.98770111436883        32124.521156292114     
   6.6666666666666666E-002   165.11264667457641        29027.056626009049     
   6.7777777777777784E-002   185.98185758163950        35010.586954229504     
   6.8888888888888888E-002   161.04528867827622        27893.387021446732     
   7.0000000000000007E-002   166.24878276536811        28347.775647192651     
   7.1111111111111111E-002   173.84441955152113        36080.852322178471     
   7.2222222222222215E-002   171.19842152571030        33790.830959517567     
   7.3333333333333334E-002   163.83346072763888        29475.091191634325     
   7.4444444444444438E-002   171.38480549764145        32287.280826939124     
   7.5555555555555556E-002   152.68157122706370        24955.701573290415     
   7.6666666666666661E-002   172.33299727233623        31641.851622223512     
   7.7777777777777779E-002   172.13354814203257        34124.536587344104     
   7.8888888888888883E-002   153.43311616367964        26048.885717680634     
   8.0000000000000002E-002   165.68675086776022        29469.793374268240     
   8.1111111111111106E-002   161.75172440918556        27076.944015872639     
   8.2222222222222224E-002   168.70518851098316        28502.421657332652     
   8.3333333333333329E-002   170.04691366622490        27811.384825041805     
   8.4444444444444447E-002   156.19334145375441        23634.590673772447     
   8.5555555555555551E-002   155.54915010198781        23816.132488060244     
   8.6666666666666670E-002   160.36275234275629        26897.173293810760     
   8.7777777777777774E-002   161.94694090712380        25209.020323054698     
   8.8888888888888892E-002   168.13500513091245        27793.750943938787     
   8.9999999999999997E-002   144.10034367118149        21498.512657837651     
   9.1111111111111115E-002   144.59448725639430        23382.931872950823     
   9.2222222222222219E-002   154.63393096229706        28526.227515413499     
   9.3333333333333338E-002   160.66578886950131        31646.122586443045     
   9.4444444444444442E-002   149.69245497004579        22665.899611406723     
   9.5555555555555560E-002   164.12965536563280        29734.442374954855     
   9.6666666666666665E-002   150.36130096250744        24519.301262438705     
   9.7777777777777783E-002   157.45400262964137        25935.718698269546     
   9.8888888888888887E-002   155.96159871580159        24770.488685440949     
  0.10000000000000001        157.40031982327494        26292.343771041160     
  0.10111111111111111        154.16012069872011        24379.938470925921     
  0.10222222222222223        144.86117468552089        21031.253731374236     
  0.10333333333333333        175.86455290690986        29157.123814673585     
  0.10444444444444445        165.12640885280217        26903.865873282488     
  0.10555555555555556        144.43356023288965        23324.497921960836     
  0.10666666666666667        158.12849921119266        21869.713000659180     
  0.10777777777777778        153.68764960377931        23576.298952423029     
  0.10888888888888888        156.35091489723922        21880.961334328964     
  0.11000000000000000        153.50170840807323        23236.316374666148     
  0.11111111111111110        155.62929000452291        21620.777224241730     
  0.11222222222222222        155.09701684395327        21089.371499173401     
  0.11333333333333333        154.80462532158401        21122.679450574287     
  0.11444444444444445        159.17421424590569        25533.184926673530     
  0.11555555555555555        140.16343910951466        19838.452544480879     
  0.11666666666666667        160.91429451164373        21994.089106216194     
  0.11777777777777777        146.52708057598917        21082.407219972694     
  0.11888888888888889        138.19141080736838        17792.833146810619     
  0.12000000000000000        151.31950868842225        19644.613131249858     
  0.12111111111111111        161.25325855045136        21848.457791707660     
  0.12222222222222222        155.17421899304654        21278.105793494407     
  0.12333333333333334        157.51545037486201        24671.415351321208     
  0.12444444444444444        145.45371503748299        18822.350961908272     
  0.12555555555555556        136.54878221308084        19192.155850438994     
  0.12666666666666668        135.15558797998037        18075.217427996340     
  0.12777777777777777        148.19093914588302        20626.864402449828     
  0.12888888888888889        155.80334885739418        21091.770197327151     
  0.13000000000000000        143.53545427918502        19815.715347769554     
  0.13111111111111112        157.78613358999607        22024.603306676188     
  0.13222222222222221        142.70826947134753        19989.912436920233     
  0.13333333333333333        145.12685922182385        21684.062865295255     
  0.13444444444444445        143.99135673113028        20493.640843318542     
  0.13555555555555557        142.62233877710491        19726.217339271658     
  0.13666666666666666        147.17816899155392        22728.754873949587     
  0.13777777777777778        144.75437541557523        19952.562572335242     
  0.13888888888888890        145.75519292144060        20044.527513238001     
  0.14000000000000001        137.68505270884484        20455.737129305835     
  0.14111111111111110        133.48591972489552        19580.636683834040     
  0.14222222222222222        151.10954028833146        22075.468445019800     
  0.14333333333333334        148.19399292956251        22623.913353248034     
  0.14444444444444443        139.81919754821192        21409.119505464896     
  0.14555555555555555        150.79913104612706        19125.342968285349     
  0.14666666666666667        146.73144631970078        19763.809467932162     
  0.14777777777777779        144.33770673833362        19269.369559533265     
  0.14888888888888888        140.42992651217040        19072.651578940524     
  0.14999999999999999        145.80706710569200        20392.194990173593     
  0.15111111111111111        138.37598928225938        17588.203136362972     
  0.15222222222222223        146.25779946486642        22139.146005592564     
  0.15333333333333332        138.29829355607839        18140.707928619580     
  0.15444444444444444        134.24180147524353        19210.620721694471     
  0.15555555555555556        134.56740895331902        18593.703878714354     
  0.15666666666666668        141.87856587691007        20178.454807936090     
  0.15777777777777777        138.36335658720134        17553.247461428164     
  0.15888888888888889        147.01931670201520        20267.531408054314     
  0.16000000000000000        130.05939024628421        18124.445217824938     
  0.16111111111111112        152.06624217461237        21389.778121293119     
  0.16222222222222221        137.07028508929915        21963.547432243791     
  0.16333333333333333        118.34101554223408        15133.384848607631     
  0.16444444444444445        130.94271907312014        17910.177647350243     
  0.16555555555555557        128.36401895574213        17586.114859650268     
  0.16666666666666666        124.23832043590001        15983.995660896800     
  0.16777777777777778        135.32760793899558        18482.338176675294     
  0.16888888888888889        125.47531067007701        17637.436837499110     
  0.17000000000000001        133.67236265335404        17791.926025448614     
  0.17111111111111110        130.26012413787717        16818.923008646205     
  0.17222222222222222        116.92714430108852        17809.272641572061     
  0.17333333333333334        119.21766287397718        17245.295408507664     
  0.17444444444444446        136.18243947352821        18484.855467126406     
  0.17555555555555555        132.95630271940027        21439.659117198134     
  0.17666666666666667        115.85886340630172        15678.155835477350     
  0.17777777777777778        127.59243757018879        16003.956617684898     
  0.17888888888888888        122.26525826812656        17510.744880944651     
  0.17999999999999999        120.10683501032091        14768.467224381722     
  0.18111111111111111        116.03571982505466        16787.159389588822     
  0.18222222222222223        132.77449425407437        16907.446491370632     
  0.18333333333333332        134.51783836253355        18780.184132456066     
  0.18444444444444444        121.13815377818067        14645.315782660316     
  0.18555555555555556        128.20772038759335        17811.782243754034     
  0.18666666666666668        127.81832277836655        17015.765349399611     
  0.18777777777777777        121.34967297313975        16116.079330523717     
  0.18888888888888888        131.95228417645066        17287.462229071160     
  0.19000000000000000        135.02198604593789        16662.762609394533     
  0.19111111111111112        120.26192599302367        15882.634462072776     
  0.19222222222222221        105.81539136781346        14920.059947744910     
  0.19333333333333333        123.59186112800775        17385.829713294974     
  0.19444444444444445        137.47185895062412        18042.950473138706     
  0.19555555555555557        106.77456257636274        14759.369578890532     
  0.19666666666666666        129.63725323039023        17644.159518885113     
  0.19777777777777777        136.93551672508642        18276.443498594599     
  0.19888888888888889        113.88337660618139        16136.207181695858     
  0.20000000000000001        108.94296416153483        13265.888635459529     
  0.20111111111111110        118.30386720011811        15865.597903736178     
  0.20222222222222222        120.01037323377084        17697.681760819520     
  0.20333333333333334        108.89734625619663        16131.875436997158     
  0.20444444444444446        102.79906822017419        14231.025378769171     
  0.20555555555555555        103.68102326666705        14082.657253459132     
  0.20666666666666667        117.35169836057840        13984.934621343631     
  0.20777777777777778        116.55523370405911        18217.757958906070     
  0.20888888888888890        99.867233643891154        15817.221865706548     
  0.20999999999999999        115.85003494291313        15044.794886058618     
  0.21111111111111111        107.94021099048909        16478.910531620706     
  0.21222222222222223        105.86833205450336        17404.722498670839     
  0.21333333333333335        95.876805400751735        14725.428094722656     
  0.21444444444444444        110.00477207753801        15214.217386727769     
  0.21555555555555556        95.055031029859038        14207.966182754308     
  0.21666666666666667        115.34146143531082        16084.970770707683     
  0.21777777777777776        111.96701883210726        15666.668249566195     
  0.21888888888888888        97.156218733710659        13855.338100519866     
  0.22000000000000000        103.41265792867254        14811.048215725486     
  0.22111111111111112        114.03578247351463        15117.363350948583     
  0.22222222222222221        111.28435176792156        14482.577113508294     
  0.22333333333333333        116.87670233231070        15886.365482842866     
  0.22444444444444445        96.334939395137710        15698.244600102358     
  0.22555555555555556        111.23398903487174        15324.349561924442     
  0.22666666666666666        107.55631721651653        16476.772988253735     
  0.22777777777777777        105.02533605820157        15884.043604434688     
  0.22888888888888889        120.27419281219574        16742.015152342810     
  0.23000000000000001        83.548449676371533        12172.704870371836     
  0.23111111111111110        94.835154427466534        15514.342312375004     
  0.23222222222222222        95.551991752927080        14001.913791765135     
  0.23333333333333334        99.568113818797968        15429.376734577943     
  0.23444444444444446        91.368249023425875        14242.820560828242     
  0.23555555555555555        107.46507958763746        15886.104610745160     
  0.23666666666666666        100.80067356199034        14846.121378969967     
  0.23777777777777778        100.22881060177394        13160.603142952636     
  0.23888888888888890        92.589704324819152        15972.717181333419     
  0.23999999999999999        87.870575982827802        15471.471419626854     
  0.24111111111111111        109.81991724436494        18606.402640643395     
  0.24222222222222223        84.035011105873167        13924.189881964192     
  0.24333333333333335        99.466690335921996        13191.703380030445     
  0.24444444444444444        94.056866979041516        13124.529398449136     
  0.24555555555555555        94.395962867316385        13655.110508510939     
  0.24666666666666667        94.996297821274254        13803.155209924564     
  0.24777777777777779        88.075738582612715        12859.108540676309     
  0.24888888888888888        92.918135742079770        14144.760940148863     
  0.25000000000000000        84.690172916070949        14060.643784846816     
  0.25111111111111112        89.931282967312043        14328.951407684950     
  0.25222222222222224        90.849766073453438        13843.708868649937     
  0.25333333333333335        80.497074792813777        13498.189973993007     
  0.25444444444444442        95.368651766813400        14700.941742393798     
  0.25555555555555554        77.893987773822346        14554.780212787846     
  0.25666666666666665        89.315551005317730        12161.440420125324     
  0.25777777777777777        92.113717915344381        14316.440773070168     
  0.25888888888888889        90.017336027467834        15155.463315016523     
  0.26000000000000001        79.305066586437476        13671.373895869283     
  0.26111111111111113        86.480857081698957        11891.109462045604     
  0.26222222222222225        79.099942231434497        14017.817867422285     
  0.26333333333333331        82.510939537606149        14497.511883961710     
  0.26444444444444443        74.295497065631409        13981.229013085751     
  0.26555555555555554        99.302378277285669        14064.103482588594     
  0.26666666666666666        75.710589419991024        15067.260898570572     
  0.26777777777777778        74.840514277805340        12219.934934175948     
  0.26888888888888890        84.784032053140109        14337.813537525051     
  0.27000000000000002        83.409324801220748        14260.464454561252     
  0.27111111111111114        69.800341288792467        13442.542157722806     
  0.27222222222222220        71.115426098640157        14173.748324388867     
  0.27333333333333332        91.151822909228429        13760.587267718422     
  0.27444444444444444        87.538375788923361        13076.911230416335     
  0.27555555555555555        89.353326793777541        14042.856613532800     
  0.27666666666666667        73.530804980672883        14837.116451709000     
  0.27777777777777779        70.061985772222258        13508.055161639597     
  0.27888888888888891        71.361142708570952        12501.225096326969     
  0.28000000000000003        76.497288850310454        12968.450700380214     
  0.28111111111111109        69.863038231151236        12767.594290867391     
  0.28222222222222221        75.270499818688236        13493.329208295469     
  0.28333333333333333        75.793989553279602        14051.581605259091     
  0.28444444444444444        81.600405165161234        14308.703039918932     
  0.28555555555555556        71.865806688242259        13220.257884939874     
  0.28666666666666668        71.211213010339506        12011.609630630817     
  0.28777777777777780        71.461459209152068        13345.572510449731     
  0.28888888888888886        62.456001739276438        12734.675639955109     
  0.28999999999999998        66.488892058103573        13223.360219340724     
  0.29111111111111110        54.837620866693683        12947.226008670767     
  0.29222222222222222        90.630317062622538        14411.414274404004     
  0.29333333333333333        54.477382068687191        12652.596613724447     
  0.29444444444444445        76.530804306096030        12241.753279994427     
  0.29555555555555557        79.006418416439914        13304.840173088207     
  0.29666666666666669        72.144145187936189        13695.463246771444     
  0.29777777777777775        57.618477799148998        12128.439850366625     
  0.29888888888888887        58.244689169610737        12957.990608489290     
  0.29999999999999999        80.005071040382333        14158.875403129048     
  0.30111111111111111        50.865014948743315        12809.866671558582     
  0.30222222222222223        70.053892348541979        11874.124945959213     
  0.30333333333333334        52.729541525120794        11049.337421982555     
  0.30444444444444446        77.899221575535492        13894.660341350687     
  0.30555555555555558        65.133325572855071        13192.144778357077     
  0.30666666666666664        62.268745679585997        14741.335477092272     
  0.30777777777777776        71.383276738421657        13508.929010659038     
  0.30888888888888888        66.889680632264998        11952.313113090266     
  0.31000000000000000        70.489719945028398        11772.021597502950     
  0.31111111111111112        65.289019788478512        12400.090189903993     
  0.31222222222222223        64.122418323261897        13141.045789788590     
  0.31333333333333335        51.487593993709460        13456.157003576205     
  0.31444444444444447        59.128484521250755        14214.564160612812     
  0.31555555555555553        60.626367205183939        13737.331960581154     
  0.31666666666666665        59.364394840774885        11536.390132622801     
  0.31777777777777777        55.523728241439350        12549.243431313094     
  0.31888888888888889        67.560652275579841        13783.352012865398     
  0.32000000000000001        41.459255861895329        11542.888578657110     
  0.32111111111111112        69.344912947873539        13987.424755299253     
  0.32222222222222224        66.759049383659786        13080.781718040376     
  0.32333333333333331        66.396024680701871        12141.382614165102     
  0.32444444444444442        50.692687764910595        13187.320564115818     
  0.32555555555555554        61.576357198174414        14245.607742785418     
  0.32666666666666666        34.583203007094276        13517.614687717256     
  0.32777777777777778        75.635664800262418        11709.691021636667     
  0.32888888888888890        52.785709343551062        12645.187224478625     
  0.33000000000000002        77.261244222532824        14081.298195615622     
  0.33111111111111113        60.616297402088897        13938.647938781880     
  0.33222222222222220        44.982716523033119        11418.834931372505     
  0.33333333333333331        46.833452686305641        12460.892552087240     
  0.33444444444444443        60.338181837831414        11834.491381713262     
  0.33555555555555555        51.510765840313759        12201.703347314442     
  0.33666666666666667        50.995180533999140        12158.376926832898     
  0.33777777777777779        64.066650524252509        13187.959587527988     
  0.33888888888888891        46.823477943203663        13126.653849514554     
  0.34000000000000002        54.519812176662242        13568.725497279745     
  0.34111111111111109        47.958409662926009        11353.830041068577     
  0.34222222222222221        48.149881207920728        12757.514377881853     
  0.34333333333333332        42.725093772086367        11073.667599104396     
  0.34444444444444444        46.450353591928980        12623.479963097237     
  0.34555555555555556        48.621642054953789        11846.423950085007     
  0.34666666666666668        49.286193899367149        14222.114157912245     
  0.34777777777777780        34.566422235589997        13321.998747204598     
  0.34888888888888892        36.588826691837355        11417.770589936354     
  0.34999999999999998        37.815286755069707        12033.553329303399     
  0.35111111111111110        53.367151942631786        11990.377327386424     
  0.35222222222222221        40.649402116984156        11504.226144449371     
  0.35333333333333333        33.587105820638342        11711.503465498068     
  0.35444444444444445        47.453890699296316        14574.806961595628     
  0.35555555555555557        38.505867551488699        12275.257803702292     
  0.35666666666666669        33.279340537749611        10414.670894216419     
  0.35777777777777775        37.375662773646098        12448.335895023452     
  0.35888888888888887        41.597462290732267        11954.452992706676     
  0.35999999999999999        29.984865330701066        11495.014557591627     
  0.36111111111111110        45.286518425685983        12614.341099207508     
  0.36222222222222222        45.358786498467005        14677.505637734343     
  0.36333333333333334        39.580059050680312        12896.545613043883     
  0.36444444444444446        27.667278958691426        11561.937896583378     
  0.36555555555555558        39.805029790120422        11327.751997292957     
  0.36666666666666664        24.004922793208809        11459.055740420463     
  0.36777777777777776        27.339930087015663        11016.349022500941     
  0.36888888888888888        44.417274018780638        11869.058858712837     
  0.37000000000000000        41.436203340518688        12655.178860664546     
  0.37111111111111111        39.813808066841410        12034.976883904626     
  0.37222222222222223        49.271212853945549        12378.437098097042     
  0.37333333333333335        21.434884567055647        11998.091497469950     
  0.37444444444444447        44.120230454920325        11213.268669996438     
  0.37555555555555553        24.100873346133341        11118.069955628222     
  0.37666666666666665        23.092426129080728        11403.121366125655     
  0.37777777777777777        27.771130680592563        12391.382579921714     
  0.37888888888888889        43.684229743531340        13101.638942498525     
  0.38000000000000000        29.369839165425141        11553.199488006876     
  0.38111111111111112        29.997867343583511        12520.303120651204     
  0.38222222222222224        13.519473655190247        9963.8405822613749     
  0.38333333333333336        31.446966968650258        11994.552891761976     
  0.38444444444444442        22.131377114291631        12292.203622876950     
  0.38555555555555554        31.788125468206246        11264.940207267504     
  0.38666666666666666        8.6966751373913116        9658.7936157353688     
  0.38777777777777778        34.329675811726482        12775.726795064253     
  0.38888888888888890        28.706684856692267        12182.664725084214     
  0.39000000000000001        27.767417337365483        11509.115527718306     
  0.39111111111111113        16.130755454053773        11925.885154157706     
  0.39222222222222225        40.389270789262497        11581.208093670872     
  0.39333333333333331        17.798227990202740        12458.592115865174     
  0.39444444444444443        30.486444070744994        14028.043707002396     
  0.39555555555555555        34.473236723056544        12927.057658456377     
  0.39666666666666667        22.690364158334582        13197.182422019341     
  0.39777777777777779        18.502201556232215        11491.896995190446     
  0.39888888888888890        20.766073837810275        11948.281073689805     
  0.40000000000000002        22.771400287693751        11015.937085018644     
  0.40111111111111108        25.363789282485641        12556.985770915921     
  0.40222222222222220        29.181607873525184        11482.146287633799     
  0.40333333333333332        7.8482791912186789        10356.711934874043     
  0.40444444444444444        8.8770125457535656        11721.369564115257     
  0.40555555555555556        26.082398552384145        13149.581400172105     
  0.40666666666666668        12.291820689244162        11063.524801556377     
  0.40777777777777779        28.883628527646628        11846.802379201759     
  0.40888888888888891        8.8394602444114323        11196.352987329341     
  0.40999999999999998        6.8238913479699779        11611.735117996714     
  0.41111111111111109        12.409028471659111        11195.987572955517     
  0.41222222222222221        15.226443006449662        11843.012407866283     
  0.41333333333333333        5.7788645636542713        11039.100651993151     
  0.41444444444444445        23.747210871526505        11554.831060841781     
  0.41555555555555557        5.0769267198987329        10880.700116162081     
  0.41666666666666669        26.643606023335977        12466.709948201797     
  0.41777777777777780        3.4705977776896981        11924.852490799205     
  0.41888888888888887        14.040083331448482        10423.626795877373     
  0.41999999999999998        14.489920950762516        10440.988394943919     
  0.42111111111111110        18.413479432436201        10841.903573462521     
  0.42222222222222222       -1.0121481654076443        11107.850117944572     
  0.42333333333333334        14.065478618754661        10887.375363005702     
  0.42444444444444446        10.829681985247655        10672.712086235984     
  0.42555555555555558        15.709259880227668        10616.517877200311     
  0.42666666666666669        3.6815508862964585        12249.754626891241     
  0.42777777777777776        5.7045887373307149        12171.346195175784     
  0.42888888888888888        3.7407063290376144        11808.343660627112     
  0.42999999999999999       -2.8775319154329799        11745.174096767360     
  0.43111111111111111        21.107983673188009        11570.457506515617     
  0.43222222222222223       -15.509704211822905        11869.297998131120     
  0.43333333333333335        2.4845374304028263        10566.615774127336     
  0.43444444444444447        13.397341255997958        13216.804307893100     
  0.43555555555555553        1.1552658950867960        11373.457471130909     
  0.43666666666666665       0.15831940705632835        11377.052194251426     
  0.43777777777777777        1.6494432170311994        11219.233465103884     
  0.43888888888888888       -10.971286915768141        10017.706476671705     
  0.44000000000000000        2.7965030809429772        11212.179039807010     
  0.44111111111111112       -5.7647082560328613        10628.075225359238     
  0.44222222222222224        8.1858913226468086        11774.851576983941     
  0.44333333333333336       -1.2275213622947134        11817.679215703043     
  0.44444444444444442      -0.40543832878355163        11416.399848053195     
  0.44555555555555554      -0.44652437467223238        10581.166376469897     
  0.44666666666666666       -2.4012743905909102        11650.339001893090     
  0.44777777777777777       0.55991537778595213        11588.088329971340     
  0.44888888888888889        5.4668994027231355        13438.055604893490     
  0.45000000000000001       0.91540705064478201        11969.339214584423     
  0.45111111111111113       -20.010224378589712        9259.3592407797751     
  0.45222222222222225        12.032858976890665        10766.949131001604     
  0.45333333333333331       -7.3237348226998789        10339.515362967712     
  0.45444444444444443       -16.841736326696140        10604.153341295154     
  0.45555555555555555       -2.3350704428675195        10445.440472775770     
  0.45666666666666667       -14.950213271449018        10561.101743134363     
  0.45777777777777778       -8.0210317060058323        9744.0804491800263     
  0.45888888888888890        9.1699603682630535        10069.814298347099     
  0.46000000000000002       -24.629150762833596        11039.645330864993     
  0.46111111111111114       -12.825572454346407        11576.429180715057     
  0.46222222222222220       -3.5002203100032063        11702.945449797669     
  0.46333333333333332       -14.321111101610724        12633.937834158121     
  0.46444444444444444       -13.451633704668076        9976.6503545782780     
  0.46555555555555556       -12.298358509577021        9378.2371419598840     
  0.46666666666666667       -11.773729888583745        11222.847680560057     
  0.46777777777777779       -10.235619558517117        11526.445781790870     
  0.46888888888888891       -27.473995241460152        9838.0759850096001     
  0.46999999999999997       -13.220870315451297        10490.697296217952     
  0.47111111111111109       -2.8755751931061688        10755.049358886492     
  0.47222222222222221       -15.565265961092924        9092.1994067047126     
  0.47333333333333333       -13.887645757706316        11016.947205650613     
  0.47444444444444445       -30.328791351252203        11334.660667654043     
  0.47555555555555556       -18.161386664454344        12671.377887383022     
  0.47666666666666668       -18.057824805632830        10070.483246496407     
  0.47777777777777780       -23.171290776579479        10610.721470484154     
  0.47888888888888886       -28.958923977358182        8618.7061939932355     
  0.47999999999999998       -17.051028029642623        10396.694266487104     
  0.48111111111111110       -18.017515997492485        9302.8597255153891     
  0.48222222222222222       -31.067214733932275        9245.2743771857768     
  0.48333333333333334       -9.2022205625004219        11779.970545292752     
  0.48444444444444446       -24.048135785066275        9466.4845893948495     
  0.48555555555555557       -10.425433502140756        10976.149482920593     
  0.48666666666666669       -16.403007500358900        11150.125911238918     
  0.48777777777777775       -38.339240229183616        9196.3896912733271     
  0.48888888888888887       -30.785093420776587        9978.6749971445061     
  0.48999999999999999       -22.812211588952920        10024.861393006075     
  0.49111111111111111       -27.750728577649095        10632.037179539970     
  0.49222222222222223       -21.453447095260366        11396.418501660526     
  0.49333333333333335       -32.236241593111430        10057.145318184614     
  0.49444444444444446       -15.626724085850555        10395.660086762682     
  0.49555555555555558       -28.116187284798844        11164.761314429214     
  0.49666666666666665       -22.830620546818455        11068.856680032512     
  0.49777777777777776       -22.679772494966599        10323.480990951122     
  0.49888888888888888       -35.438419011348834        12302.439540964466     
  0.50000000000000000       -31.603756267248794        10284.456880735173     
  0.50111111111111106       -43.013977592454886        9892.4329542464075     
  0.50222222222222224       -36.776671360379680        10681.000245971854     
  0.50333333333333330       -29.471110372662000        11087.321128310141     
  0.50444444444444447       -26.472195010385406        10078.101496452069     
  0.50555555555555554       -33.832678430550281        10184.847706998195     
  0.50666666666666671       -33.101855452553167        11992.230171884241     
  0.50777777777777777       -36.804308169337261        10433.139352596872     
  0.50888888888888884       -45.125210912446178        10784.565923707549     
  0.51000000000000001       -29.259887702278338        11988.805828033297     
  0.51111111111111107       -41.041417446242832        9135.7115743889644     
  0.51222222222222225       -37.880931128522512        12521.133693281186     
  0.51333333333333331       -19.327431113098626        11477.798864306846     
  0.51444444444444448       -38.454315709396376        11524.808405631306     
  0.51555555555555554       -26.331688356691895        10021.508777933117     
  0.51666666666666672       -24.320165732395157        9257.7396011429628     
  0.51777777777777778       -55.128905513554393        10000.237734247541     
  0.51888888888888884       -41.453955134288407        10025.518227978126     
  0.52000000000000002       -32.923621483221261        11884.535096170062     
  0.52111111111111108       -43.587492700382036        10797.716477993612     
  0.52222222222222225       -42.956518345115555        10508.294504983969     
  0.52333333333333332       -37.623698210280118        10920.396528803203     
  0.52444444444444449       -31.261755761788681        11827.667808951299     
  0.52555555555555555       -30.739280773043163        10118.012375008904     
  0.52666666666666662       -17.189158850462430        13276.168108138605     
  0.52777777777777779       -30.566459659555669        10232.538475139900     
  0.52888888888888885       -27.647883379744272        11383.299048772138     
  0.53000000000000003       -36.709366544720538        11605.762466717999     
  0.53111111111111109       -36.374097221368238        10677.873678926586     
  0.53222222222222226       -38.938266136379411        12709.815702575404     
  0.53333333333333333       -40.366796108028517        10407.025597423832     
  0.53444444444444450       -43.149045950920943        9482.7484603566554     
  0.53555555555555556       -34.579794188657019        10423.234344225202     
  0.53666666666666663       -36.555922514537876        11065.550636498650     
  0.53777777777777780       -31.087161530592937        10260.192717584039     
  0.53888888888888886       -51.065937526774690        10649.474662898203     
  0.54000000000000004       -47.040677269955005        10174.363534561864     
  0.54111111111111110       -48.227892194470002        9603.1076418940611     
  0.54222222222222227       -51.544416134142843        10009.061739794119     
  0.54333333333333333       -57.855610323734822        10736.597436928610     
  0.54444444444444440       -54.890657568611374        9721.9146488706137     
  0.54555555555555557       -42.152094975518345        9288.1862142838017     
  0.54666666666666663       -58.906392179141235        10230.952374009732     
  0.54777777777777781       -36.471019861227632        10831.247361849688     
  0.54888888888888887       -49.060215685860690        11553.049401244778     
  0.55000000000000004       -35.893296069291416        11396.178572750552     
  0.55111111111111111       -34.085636655214429        11136.872460094106     
  0.55222222222222217       -55.888732075647773        10858.803731538748     
  0.55333333333333334       -36.878226873968636        10098.659872269449     
  0.55444444444444441       -60.143351150643305        9636.3016760168975     
  0.55555555555555558       -60.347943452567954        10723.939318311959     
  0.55666666666666664       -41.851392283718262        8783.0280317657671     
  0.55777777777777782       -42.501032521436258        10381.439312658127     
  0.55888888888888888       -59.995515426127191        9534.5824507250891     
  0.56000000000000005       -55.018548721492472        10612.856666952188     
  0.56111111111111112       -57.004559618920766        10317.752766443024     
  0.56222222222222218       -55.389954746394672        10858.553214831416     
  0.56333333333333335       -43.829704979106523        11840.778834371575     
  0.56444444444444442       -54.753807179390058        9240.7426363903160     
  0.56555555555555559       -60.481739390235319        9218.7248751531097     
  0.56666666666666665       -60.745630419464113        10805.298214478507     
  0.56777777777777783       -45.745355945876213        9873.5220234456719     
  0.56888888888888889       -61.872423399595952        10407.338541646543     
  0.56999999999999995       -63.279559074198346        9659.9514991375545     
  0.57111111111111112       -47.063748368731595        10423.470600526995     
  0.57222222222222219       -75.171612225990714        8079.0117949232572     
  0.57333333333333336       -59.396687114652138        10159.271952321333     
  0.57444444444444442       -44.922003864171153        10412.054322282220     
  0.57555555555555560       -50.084884413865773        10220.915785033347     
  0.57666666666666666       -48.016074368254671        10587.712084236337     
  0.57777777777777772       -59.240712875910205        10001.681299906506     
  0.57888888888888890       -58.330355769908778        12067.400040199998     
  0.57999999999999996       -71.057123038459125        9637.6244949443644     
  0.58111111111111113       -57.743723497703890        11054.902972005297     
  0.58222222222222220       -51.744041471430990        9596.9457388670326     
  0.58333333333333337       -50.325284955182823        10667.192953214284     
  0.58444444444444443       -57.043937499879149        11203.816269928355     
  0.58555555555555561       -64.754740102252143        9581.9070918910402     
  0.58666666666666667       -74.132443336969828        10633.662133256934     
  0.58777777777777773       -57.785733274897957        10821.122760187220     
  0.58888888888888891       -64.331532597524912        10627.745254719855     
  0.58999999999999997       -71.107475376503359        9425.0563132362859     
  0.59111111111111114       -69.237521837816402        10380.984944176886     
  0.59222222222222221       -69.324013329434038        9859.7862552297993     
  0.59333333333333338       -61.354380015030429        9300.6728340488517     
  0.59444444444444444       -56.619904200886893        12817.609875295248     
  0.59555555555555550       -73.272236852616032        9121.9014085866038     
  0.59666666666666668       -85.102944663451837        8549.5341524414398     
  0.59777777777777774       -46.847809857486027        12478.835455329165     
  0.59888888888888892       -72.369129369051322        8622.9648294328617     
  0.59999999999999998       -62.620913370540201        11929.104466581772     
  0.60111111111111115       -73.801836891246012        10137.579316652340     
  0.60222222222222221       -73.612518269896924        9206.1404792627800     
  0.60333333333333339       -58.714534894195921        12144.330459044986     
  0.60444444444444445       -85.340926638758745        9861.6878520051359     
  0.60555555555555551       -72.988429548281388        10192.460794472248     
  0.60666666666666669       -68.328806763473708        9788.9047405694546     
  0.60777777777777775       -66.391580599381953        11145.880150338848     
  0.60888888888888892       -69.981045939045359        9982.2762723919295     
  0.60999999999999999       -62.433547496396024        9569.9860297200194     
  0.61111111111111116       -72.739002507334433        10497.022661077874     
  0.61222222222222222       -60.329334299767048        9818.8138167704328     
  0.61333333333333329       -62.558372337779119        12151.227193940806     
  0.61444444444444446       -65.667579393040626        10269.016871594486     
  0.61555555555555552       -68.604374024224086        13833.053767146095     
  0.61666666666666670       -70.690061404255758        11012.519743048068     
  0.61777777777777776       -63.180591201417208        9608.7817214820043     
  0.61888888888888893       -87.817254386723278        9313.4506277241744     
  0.62000000000000000       -61.410129537508020        11645.902508587138     
  0.62111111111111106       -72.092166566645233        8270.5111786907200     
  0.62222222222222223       -75.043583286828905        9866.2409774594307     
  0.62333333333333329       -95.624910748065119        9022.2548599039674     
  0.62444444444444447       -81.286420037140516        10245.869123592365     
  0.62555555555555553       -85.837634910426644        8368.0062565946409     
  0.62666666666666671       -94.766938530395961        10346.842820354459     
  0.62777777777777777       -78.336399818073275        10035.847752228077     
  0.62888888888888894       -81.465067828028197        9499.2215587390237     
  0.63000000000000000       -67.580561609278433        10068.404433856796     
  0.63111111111111107       -65.379088824602789        10195.272682900431     
  0.63222222222222224       -85.870064399113588        11299.391196310393     
  0.63333333333333330       -78.918957328410031        8269.5457229295935     
  0.63444444444444448       -86.673802842721457        9786.3454273796706     
  0.63555555555555554       -82.390213832710970        10271.703445054944     
  0.63666666666666671       -83.730482682168088        9902.9356175519752     
  0.63777777777777778       -78.803137183796721        10763.433333520778     
  0.63888888888888884       -89.396105634395042        9209.7616157554257     
  0.64000000000000001       -85.097923385511749        9919.0145644018594     
  0.64111111111111108       -85.457267985279273        10617.897244741660     
  0.64222222222222225       -74.528444190923295        10513.010835755194     
  0.64333333333333331       -82.780497013604247        11869.766810119894     
  0.64444444444444449       -71.852156801888370        11217.390759674803     
  0.64555555555555555       -88.926836849314483        9183.6111039985481     
  0.64666666666666661       -82.249851013765806        9324.3722200047032     
  0.64777777777777779       -84.991684179287304        10873.933988788038     
  0.64888888888888885       -94.944791980392381        10722.417582535592     
  0.65000000000000002       -93.666115493987320        9836.2479978697338     
  0.65111111111111108       -77.485838226127456        11657.976710765153     
  0.65222222222222226       -91.293045648313395        10890.195145138243     
  0.65333333333333332       -71.302440965857556        9988.2648313687223     
  0.65444444444444450       -104.14224739971792        8558.3356483764419     
  0.65555555555555556       -83.835092587564930        8949.5492877926627     
  0.65666666666666662       -95.617851613501315        9742.0578582674516     
  0.65777777777777779       -89.762887712989340        9457.8270167611263     
  0.65888888888888886       -96.096406645676652        9544.2771843698320     
  0.66000000000000003       -89.542786315069222        9992.2419647631741     
  0.66111111111111109       -84.002345215311536        9746.0977746975805     
  0.66222222222222227       -91.588183652677515        9837.9077190634180     
  0.66333333333333333       -78.955927446380940        8664.5229713021981     
  0.66444444444444439       -86.791790629687213        9326.2217912279339     
  0.66555555555555557       -82.241880427950306        11271.523313170008     
  0.66666666666666663       -71.738435011050186        10647.083256706563     
  0.66777777777777780       -103.91181250116990        8543.2657496282427     
  0.66888888888888887       -86.385389860961894        10071.633384124463     
  0.67000000000000004       -75.166584816290666        9126.3123194293967     
  0.67111111111111110       -95.637834983529814        9630.5396212274518     
  0.67222222222222228       -87.638297214954378        9869.2750866340393     
  0.67333333333333334       -85.722729249890051        10564.304485807912     
  0.67444444444444440       -105.29394439458059        9246.4811040158038     
  0.67555555555555558       -105.93357989526983        9841.4275990701881     
  0.67666666666666664       -96.119911018785942        9137.9872594288245     
  0.67777777777777781       -93.574401587371796        10777.796897939566     
  0.67888888888888888       -92.250241852286223        8685.4346472561410     
  0.68000000000000005       -102.03389296582770        8796.1692903653620     
  0.68111111111111111       -111.01731882329796        9686.6593055629437     
  0.68222222222222217       -113.58083959736423        10981.953694120401     
  0.68333333333333335       -111.25280675911509        10434.732122433561     
  0.68444444444444441       -97.931243073573569        8241.0537225337484     
  0.68555555555555558       -90.314541901484432        9097.9925108050375     
  0.68666666666666665       -99.056077587285671        9502.6576919807849     
  0.68777777777777782       -103.28348255639246        9530.3289912784112     
  0.68888888888888888       -82.738850854824889        9421.8125526244839     
  0.68999999999999995       -99.675441181067669        10805.151560350985     
  0.69111111111111112       -91.755577058590816        10306.435615144737     
  0.69222222222222218       -80.500726271464515        9412.7750437726245     
  0.69333333333333336       -95.787091577241654        10847.756186562814     
  0.69444444444444442       -108.09635838907859        9036.7572959719182     
  0.69555555555555559       -86.122918149206839        10415.710769096921     
  0.69666666666666666       -98.848683636420191        9529.9473716894809     
  0.69777777777777783       -92.087637346822888        9755.2596796018406     
  0.69888888888888889       -98.221161248373491        9621.9401583449380     
  0.69999999999999996       -101.09533496189758        9344.0728239327054     
  0.70111111111111113       -88.870494740760037        9244.4042982061474     
  0.70222222222222219       -89.259135654533523        8659.6423377327174     
  0.70333333333333337       -92.870112981031937        9750.6075439942852     
  0.70444444444444443       -88.401543936182961        11757.584000850176     
  0.70555555555555560       -94.637433881555140        11958.241651258668     
  0.70666666666666667       -122.02272687290818        9810.5863919606163     
  0.70777777777777773       -100.35089407308718        9458.8201684003961     
  0.70888888888888890       -99.647069551619566        9541.6100951175213     
  0.70999999999999996       -98.161836879030886        9923.5692799898825     
  0.71111111111111114       -98.674720278321232        10805.934570736285     
  0.71222222222222220       -108.34600862396982        9084.2954721588176     
  0.71333333333333337       -101.34126361852206        11145.649262114977     
  0.71444444444444444       -105.91805384677986        11479.158952953387     
  0.71555555555555550       -98.346350355137560        8974.7840414561833     
  0.71666666666666667       -106.00852200363335        11638.067796584790     
  0.71777777777777774       -110.44319988577254        9646.2188417482903     
  0.71888888888888891       -90.911192219910589        8879.0847928588646     
  0.71999999999999997       -101.76966912739708        8744.7429917531754     
  0.72111111111111115       -105.07024979208306        10540.986761724653     
  0.72222222222222221       -109.93808778701943        9245.1315625402149     
  0.72333333333333338       -127.51966555343122        8146.9740609783730     
  0.72444444444444445       -96.869016400528253        12411.263848491635     
  0.72555555555555551       -116.82470303174422        8265.9156659977998     
  0.72666666666666668       -98.524182645016367        8895.7680926211997     
  0.72777777777777775       -92.671772848610701        10437.199281912122     
  0.72888888888888892       -117.25549747552552        9383.1969391673338     
  0.72999999999999998       -84.610410126644695        11418.045141825156     
  0.73111111111111116       -114.96696230461902        9025.6648597358926     
  0.73222222222222222       -107.50793221956951        9500.0320828249169     
  0.73333333333333328       -105.16399159518146        9757.7353807086602     
  0.73444444444444446       -100.34288152130048        10170.586863042523     
  0.73555555555555552       -99.460478518325615        10307.350813398538     
  0.73666666666666669       -102.49978807576308        8962.9682705516625     
  0.73777777777777775       -113.63737168771402        8822.6521757376086     
  0.73888888888888893       -113.31267256278220        10727.767775671087     
  0.73999999999999999       -111.80219092649929        10568.906708378319     
  0.74111111111111116       -103.04529458349239        11467.018179349567     
  0.74222222222222223       -122.00808363119431        10828.833680810523     
  0.74333333333333329       -128.27451291908778        8664.4001109071251     
  0.74444444444444446       -99.112780142354737        9800.9634020043341     
  0.74555555555555553       -87.279923218409607        9318.3593242932475     
  0.74666666666666670       -106.65751180069044        8922.9603705927784     
  0.74777777777777776       -114.10023289769339        11182.415151470273     
  0.74888888888888894       -123.21749676002511        10721.671138700460     
  0.75000000000000000       -135.92867852125488        7648.1717513183612     
  0.75111111111111106       -134.45142082587680        9662.2049335101401     
  0.75222222222222224       -107.93258167271942        7445.1678777873112     
  0.75333333333333330       -116.18434567088494        8730.4155536760027     
  0.75444444444444447       -112.69529282674426        10237.034680156601     
  0.75555555555555554       -109.26397174392598        10520.101092495055     
  0.75666666666666671       -121.49732804510693        9481.0334310839953     
  0.75777777777777777       -93.914091362603372        10618.482736430031     
  0.75888888888888884       -107.74344424245214        9928.0110357530793     
  0.76000000000000001       -112.76427173184675        8650.1588036999183     
  0.76111111111111107       -119.11997539374478        8573.3965648630929     
  0.76222222222222225       -115.28346291131867        8519.2406733192420     
  0.76333333333333331       -98.011458666667679        10207.122159760160     
  0.76444444444444448       -121.14113761011426        8075.3219240281705     
  0.76555555555555554       -108.38101515678559        9267.6963787893546     
  0.76666666666666672       -118.12786152033638        8294.5336510478464     
  0.76777777777777778       -111.07565272525575        11097.940641598594     
  0.76888888888888884       -117.76277480687851        10747.121277599224     
  0.77000000000000002       -107.45955081703991        10661.955162913619     
  0.77111111111111108       -118.24984741090985        10522.783024513827     
  0.77222222222222225       -111.29396768767170        9980.6090486468875     
  0.77333333333333332       -117.69493029488410        9012.6145556240717     
  0.77444444444444449       -118.13360557459794        8053.0043307884462     
  0.77555555555555555       -140.48522514236427        8188.6107518606332     
  0.77666666666666662       -115.73739629788932        9454.9518801196391     
  0.77777777777777779       -111.11203927105657        11911.639752274737     
  0.77888888888888885       -109.77264364701499        9568.5321421155586     
  0.78000000000000003       -112.47711732254332        10661.188687191841     
  0.78111111111111109       -122.05201420175483        9438.7479291963755     
  0.78222222222222226       -117.02073757049079        11472.434211831900     
  0.78333333333333333       -103.97878100593968        8989.7962297099675     
  0.78444444444444450       -109.71440241578051        11855.346776247128     
  0.78555555555555556       -99.323410509559963        8933.3372797715238     
  0.78666666666666663       -99.550486431245574        9530.9737721230631     
  0.78777777777777780       -102.31460132269468        8466.1743004481305     
  0.78888888888888886       -118.13501738683068        9337.3272115709915     
  0.79000000000000004       -100.51018795060162        9009.8427202296443     
  0.79111111111111110       -119.47731226150758        9104.7543603775684     
  0.79222222222222227       -104.84357567199559        8983.5701863606773     
  0.79333333333333333       -134.62523424749651        7900.7538929227376     
  0.79444444444444440       -128.34172962903128        9503.3047590981987     
  0.79555555555555557       -115.09354689781247        10194.821488079026     
  0.79666666666666663       -125.91971430482110        9121.0341827764005     
  0.79777777777777781       -122.21269883366924        7482.1870996606085     
  0.79888888888888887       -141.76190498055712        8369.9162238315512     
  0.80000000000000004       -96.941044164405071        8985.2541885691080     
  0.80111111111111111       -129.39985293595458        9664.0117362945130     
  0.80222222222222217       -114.91931171416942        10409.151979390897     
  0.80333333333333334       -114.24431693404607        7218.6264589915136     
  0.80444444444444441       -130.42031591320469        8765.6619420372845     
  0.80555555555555558       -123.06834177527642        8517.9766063780608     
  0.80666666666666664       -116.82531744924458        9547.0072103188741     
  0.80777777777777782       -121.81385070896020        9681.9391024194647     
  0.80888888888888888       -107.67890369051960        7279.6987468546267     
  0.81000000000000005       -119.95866904953536        8465.0013520438715     
  0.81111111111111112       -126.90195915393419        9605.8912273896185     
  0.81222222222222218       -129.09718695784093        9128.3274869817360     
  0.81333333333333335       -143.12922860868807        9570.3634414365006     
  0.81444444444444442       -138.80751342849609        9116.6130321429991     
  0.81555555555555559       -126.06565617420515        9449.2463787830911     
  0.81666666666666665       -116.58202687648058        10707.149969298793     
  0.81777777777777783       -123.06008618245887        8023.5736208326725     
  0.81888888888888889       -117.70157182586419        9666.6499631502757     
  0.81999999999999995       -96.737432508540266        11081.172466232911     
  0.82111111111111112       -116.74514291583414        10647.235912467337     
  0.82222222222222219       -120.35060469785127        9721.8830428060883     
  0.82333333333333336       -123.07806712486723        8736.9192425989986     
  0.82444444444444442       -107.49404855126161        12685.704677424250     
  0.82555555555555560       -103.93394194255048        11061.866517809556     
  0.82666666666666666       -130.11275112181644        11495.128413108723     
  0.82777777777777772       -120.94641805983655        9472.6569765168842     
  0.82888888888888890       -114.13569318832158        11414.549096640612     
  0.82999999999999996       -131.05717439155654        7938.3751395190266     
  0.83111111111111113       -110.62573646909966        11800.139124576270     
  0.83222222222222220       -126.64169576078666        8615.9017716991257     
  0.83333333333333337       -128.84308650330038        8695.2779659874795     
  0.83444444444444443       -123.60495775961209        9125.4028910687339     
  0.83555555555555561       -127.25049884146013        10477.328909293499     
  0.83666666666666667       -111.32940467112979        10431.629690177811     
  0.83777777777777773       -109.85832859251870        10458.224360195927     
  0.83888888888888891       -123.19050003762122        9898.1577534706103     
  0.83999999999999997       -119.07919010313157        8756.6501744295383     
  0.84111111111111114       -108.72349824222123        10358.229152048516     
  0.84222222222222221       -142.21941234965419        8959.7928469694089     
  0.84333333333333338       -126.40052535297970        8418.5000180062925     
  0.84444444444444444       -120.62486968111166        9110.9646158539490     
  0.84555555555555550       -121.71893569161607        8462.2674547490969     
  0.84666666666666668       -129.69601302561966        10620.697081475726     
  0.84777777777777774       -120.44160005498517        10090.372998934887     
  0.84888888888888892       -129.99563202924014        9022.1831350232642     
  0.84999999999999998       -133.52440705677972        8939.8302730160722     
  0.85111111111111115       -114.68826524138265        9989.1789334982550     
  0.85222222222222221       -118.16487748025972        8649.4085810221441     
  0.85333333333333339       -123.27286588263598        9626.1544078614952     
  0.85444444444444445       -123.97425249077128        8227.7572105395648     
  0.85555555555555551       -110.39627802965408        10682.730854327583     
  0.85666666666666669       -125.17941481857767        8567.3390117083654     
  0.85777777777777775       -130.79057474737868        9686.0494106646038     
  0.85888888888888892       -107.74013405761524        9712.6011429317277     
  0.85999999999999999       -112.36955659662550        8829.9605624537944     
  0.86111111111111116       -119.41351572735358        11447.179993171791     
  0.86222222222222222       -122.05493893171054        8897.7689611888964     
  0.86333333333333329       -119.26546497942734        9644.1732046940197     
  0.86444444444444446       -126.62873108366888        8703.3077831407718     
  0.86555555555555552       -124.11590352637812        11483.319442363623     
  0.86666666666666670       -108.69971691439119        8981.8153840806099     
  0.86777777777777776       -133.28460789477344        8597.4266192913201     
  0.86888888888888893       -121.00500807613828        7978.8614194781258     
  0.87000000000000000       -133.85012054507141        9434.1438147243243     
  0.87111111111111106       -106.04823474771237        9537.3211471097093     
  0.87222222222222223       -132.20068067844181        9300.0306772403383     
  0.87333333333333329       -126.54848798544775        9065.6664922875425     
  0.87444444444444447       -111.76730356679121        8729.1151652891767     
  0.87555555555555553       -103.28331694266544        10042.388290944398     
  0.87666666666666671       -107.72639848289462        9723.5517501889753     
  0.87777777777777777       -110.99224952825429        7564.4139206948385     
  0.87888888888888894       -138.65928749578870        8992.2455063786801     
  0.88000000000000000       -147.19099639760978        8611.7242189119097     
  0.88111111111111107       -129.98628712401586        8475.1315902753668     
  0.88222222222222224       -131.64639798335389        7182.2129656977486     
  0.88333333333333330       -119.99209947969337        8066.7923289837581     
  0.88444444444444448       -118.78234997872653        10680.969009193812     
  0.88555555555555554       -163.81932328004365        7708.1026935150694     
  0.88666666666666671       -119.70243106580084        7591.8386225104696     
  0.88777777777777778       -127.43943622165384        8714.8969337128165     
  0.88888888888888884       -117.06598593531899        8931.0487428905108     
  0.89000000000000001       -101.22625331529542        11008.749891494954     
  0.89111111111111108       -133.73127502859856        9020.5959815795213     
  0.89222222222222225       -132.16019225937302        8386.2271712449838     
  0.89333333333333331       -126.92826940719753        8541.7817135952046     
  0.89444444444444449       -128.70349854612445        10479.373880799292     
  0.89555555555555555       -103.63512018796281        10181.657887712750     
  0.89666666666666661       -121.96656331857949        8816.6113044860740     
  0.89777777777777779       -116.59766342937613        9534.4598919103646     
  0.89888888888888885       -131.01824757978176        10697.564613533013     
  0.90000000000000002       -144.15959331143486        7502.6422225874521     
  0.90111111111111108       -134.25025246325876        10005.513240031250     
  0.90222222222222226       -123.86395274986832        9022.0993918685799     
  0.90333333333333332       -110.72155920922107        9672.1769393552040     
  0.90444444444444450       -136.94352715536951        8666.4176158449445     
  0.90555555555555556       -100.91978731941626        10992.159664997984     
  0.90666666666666662       -108.01569870847206        10820.633006122289     
  0.90777777777777779       -135.02239839813291        10219.735369872178     
  0.90888888888888886       -101.69118383101363        7598.7696063553449     
  0.91000000000000003       -129.58452023110297        8704.7626309214720     
  0.91111111111111109       -94.349330578574850        10368.924378581440     
  0.91222222222222227       -145.01619387946133        8797.7649129767487     
  0.91333333333333333       -117.34407689012401        12582.283745399895     
  0.91444444444444439       -101.63393276951368        10252.248134110947     
  0.91555555555555557       -110.56934513884380        9978.8688894939296     
  0.91666666666666663       -116.45811527393515        8311.9783685730181     
  0.91777777777777780       -113.37676543758484        8868.7891478110269     
  0.91888888888888887       -129.89638880616747        9509.1414646825433     
  0.92000000000000004       -118.20202592429072        8565.6171567041365     
  0.92111111111111110       -141.39125255423332        9351.7216945292239     
  0.92222222222222228       -105.94370181466861        8801.9990996627694     
  0.92333333333333334       -128.14215124004133        9742.2296909595134     
  0.92444444444444440       -123.79165541958086        10469.973933305359     
  0.92555555555555558       -117.47162952755870        10245.680735572019     
  0.92666666666666664       -124.89864903692373        8188.2848318910510     
  0.92777777777777781       -130.16017973524987        9813.3011391916589     
  0.92888888888888888       -118.64143891881055        8277.0181432326262     
  0.93000000000000005       -123.61091443291522        8661.3280331201568     
  0.93111111111111111       -130.85812114757687        8610.8970805252611     
  0.93222222222222217       -122.26270839050468        10282.695123460209     
  0.93333333333333335       -121.85098470595359        9085.3745648071908     
  0.93444444444444441       -111.88695517020278        8790.9204157249842     
  0.93555555555555558       -128.64521053464117        8785.2440305181917     
  0.93666666666666665       -130.83304285548323        9358.1880603365571     
  0.93777777777777782       -98.444468068925687        11767.619630010337     
  0.93888888888888888       -109.81621206600133        8908.9722737279571     
  0.93999999999999995       -123.97235107173826        8794.9733489424125     
  0.94111111111111112       -94.298793138391062        8429.6880864276427     
  0.94222222222222218       -125.77653955831599        11172.197731580642     
  0.94333333333333336       -120.11489780349153        10538.054656344832     
  0.94444444444444442       -113.70474763164884        9876.1099877353299     
  0.94555555555555559       -114.18689422615779        9344.6178816628108     
  0.94666666666666666       -98.202370520938118        8418.3428448631839     
  0.94777777777777783       -103.65929072379627        8669.8966413749386     
  0.94888888888888889       -137.63705282217330        7333.0268583988327     
  0.94999999999999996       -125.22998610046412        9644.1078442879734     
  0.95111111111111113       -128.20946434283141        8572.3897360533665     
  0.95222222222222219       -134.63735814456075        10465.209273734206     
  0.95333333333333337       -123.43468496621310        9182.0875402013917     
  0.95444444444444443       -131.05441904527774        8620.7708740687085     
  0.95555555555555560       -111.81979591546033        9849.2057572713547     
  0.95666666666666667       -107.10072667000331        10441.854676999354     
  0.95777777777777773       -98.280514343013550        10545.349272338990     
  0.95888888888888890       -103.63979206958236        11456.194680715349     
  0.95999999999999996       -120.83029433434562        7259.3167753467587     
  0.96111111111111114       -96.984833743996589        8355.9845877006646     
  0.96222222222222220       -118.65955858496673        8785.2760543692548     
  0.96333333333333337       -126.21487530653830        9901.7757284790132     
  0.96444444444444444       -111.90961328814159        13395.246777530714     
  0.96555555555555550       -130.56959832716640        8654.9661209274891     
  0.96666666666666667       -129.62618014600559        10913.915798095313     
  0.96777777777777774       -79.905199309483777        8970.7668086499980     
  0.96888888888888891       -113.19810803996691        11061.126181549711     
  0.96999999999999997       -95.481517844058786        8728.2865734317529     
  0.97111111111111115       -119.96482691563523        8459.0390936150470     
  0.97222222222222221       -132.69624813293001        9138.7061053466023     
  0.97333333333333338       -127.95692855004813        9561.6441613091029     
  0.97444444444444445       -120.70685509947420        11259.424093764570     
  0.97555555555555551       -64.454944790956930        9814.5224806724727     
  0.97666666666666668       -117.61648518232531        8284.7036035000456     
  0.97777777777777775       -106.83371380451918        9780.9681370448852     
  0.97888888888888892       -95.649636877754574        9717.4741344062477     
  0.97999999999999998       -103.57341255336557        10225.800041507047     
  0.98111111111111116       -94.048885679475262        12141.391757730280     
  0.98222222222222222       -127.26367394002560        8970.6853332917653     
  0.98333333333333328       -143.47386514300354        8473.5262649929318     
  0.98444444444444446       -95.175258445826699        8666.9836353411501     
  0.98555555555555552       -106.17367260222412        8100.0652176790500     
  0.98666666666666669       -123.90099327579779        6691.8407780875514     
  0.98777777777777775       -121.48109732949723        9040.3867618858294     
  0.98888888888888893       -101.01604626863251        8678.7142398192027     
  0.98999999999999999       -101.12526699189057        7196.7406565529673     
  0.99111111111111116       -135.95835495964346        8630.3763691353015     
  0.99222222222222223       -90.976132135827513        9870.0282546656526     
  0.99333333333333329       -106.37892155300756        8851.5233610881005     
  0.99444444444444446       -111.97926036407881        9502.7275118694761     
  0.99555555555555553       -95.102281642462259        9090.7002926760360     
  0.99666666666666670       -112.05791796008272        9771.2830038447592     
  0.99777777777777776       -80.366247380180397        10078.622639088409     
  0.99888888888888894       -95.525790971162749        10810.991869509349     
   1.0000000000000000       -112.66745757930219        6389.6938675924030     
