0.0
0.0011111111111111111
0.0022222222222222222
0.0033333333333333335
0.0044444444444444444
0.005555555555555556
0.006666666666666667
0.0077777777777777776
0.008888888888888889
0.01
0.011111111111111112
0.012222222222222223
0.013333333333333334
0.014444444444444444
0.015555555555555555
0.016666666666666666
0.017777777777777778
0.01888888888888889
0.02
0.021111111111111112
0.022222222222222223
0.023333333333333334
0.024444444444444446
0.025555555555555557
0.02666666666666667
0.027777777777777776
0.028888888888888888
0.03
0.03111111111111111
0.03222222222222222
0.03333333333333333
0.034444444444444444
0.035555555555555556
0.03666666666666667
0.03777777777777778
0.03888888888888889
0.04
0.04111111111111111
0.042222222222222223
0.043333333333333335
0.044444444444444446
0.04555555555555556
0.04666666666666667
0.04777777777777778
0.04888888888888889
0.05
0.051111111111111114
0.052222222222222225
0.05333333333333334
0.05444444444444444
0.05555555555555555
0.056666666666666664
0.057777777777777775
0.058888888888888886
0.06
0.06111111111111111
0.06222222222222222
0.06333333333333334
0.06444444444444444
0.06555555555555556
0.06666666666666667
0.06777777777777778
0.06888888888888889
0.07
0.07111111111111111
0.07222222222222222
0.07333333333333333
0.07444444444444444
0.07555555555555556
0.07666666666666666
0.07777777777777778
0.07888888888888888
0.08
0.0811111111111111
0.08222222222222222
0.08333333333333333
0.08444444444444445
0.08555555555555555
0.08666666666666667
0.08777777777777777
0.08888888888888889
0.09
0.09111111111111111
0.09222222222222222
0.09333333333333334
0.09444444444444444
0.09555555555555556
0.09666666666666666
0.09777777777777778
0.09888888888888889
0.1
0.10111111111111111
0.10222222222222223
0.10333333333333333
0.10444444444444445
0.10555555555555556
0.10666666666666667
0.10777777777777778
0.10888888888888888
0.11
0.1111111111111111
0.11222222222222222
0.11333333333333333
0.11444444444444445
0.11555555555555555
0.11666666666666667
0.11777777777777777
0.11888888888888889
0.12
0.12111111111111111
0.12222222222222222
0.12333333333333334
0.12444444444444444
0.12555555555555556
0.12666666666666668
0.12777777777777777
0.1288888888888889
0.13
0.13111111111111112
0.1322222222222222
0.13333333333333333
0.13444444444444445
0.13555555555555557
0.13666666666666666
0.13777777777777778
0.1388888888888889
0.14
0.1411111111111111
0.14222222222222222
0.14333333333333334
0.14444444444444443
0.14555555555555555
0.14666666666666667
0.14777777777777779
0.14888888888888888
0.15
0.1511111111111111
0.15222222222222223
0.15333333333333332
0.15444444444444444
0.15555555555555556
0.15666666666666668
0.15777777777777777
0.15888888888888889
0.16
0.16111111111111112
0.1622222222222222
0.16333333333333333
0.16444444444444445
0.16555555555555557
0.16666666666666666
0.16777777777777778
0.1688888888888889
0.17
0.1711111111111111
0.17222222222222222
0.17333333333333334
0.17444444444444446
0.17555555555555555
0.17666666666666667
0.17777777777777778
0.17888888888888888
0.18
0.1811111111111111
0.18222222222222223
0.18333333333333332
0.18444444444444444
0.18555555555555556
0.18666666666666668
0.18777777777777777
0.18888888888888888
0.19
0.19111111111111112
0.1922222222222222
0.19333333333333333
0.19444444444444445
0.19555555555555557
0.19666666666666666
0.19777777777777777
0.1988888888888889
0.2
0.2011111111111111
0.20222222222222222
0.20333333333333334
0.20444444444444446
0.20555555555555555
0.20666666666666667
0.20777777777777778
0.2088888888888889
0.21
0.2111111111111111
0.21222222222222223
0.21333333333333335
0.21444444444444444
0.21555555555555556
0.21666666666666667
0.21777777777777776
0.21888888888888888
0.22
0.22111111111111112
0.2222222222222222
0.22333333333333333
0.22444444444444445
0.22555555555555556
0.22666666666666666
0.22777777777777777
0.2288888888888889
0.23
0.2311111111111111
0.23222222222222222
0.23333333333333334
0.23444444444444446
0.23555555555555555
0.23666666666666666
0.23777777777777778
0.2388888888888889
0.24
0.2411111111111111
0.24222222222222223
0.24333333333333335
0.24444444444444444
0.24555555555555555
0.24666666666666667
0.2477777777777778
0.24888888888888888
0.25
0.2511111111111111
0.25222222222222224
0.25333333333333335
0.2544444444444444
0.25555555555555554
0.25666666666666665
0.2577777777777778
0.2588888888888889
0.26
0.2611111111111111
0.26222222222222225
0.2633333333333333
0.2644444444444444
0.26555555555555554
0.26666666666666666
0.2677777777777778
0.2688888888888889
0.27
0.27111111111111114
0.2722222222222222
0.2733333333333333
0.27444444444444444
0.27555555555555555
0.27666666666666667
0.2777777777777778
0.2788888888888889
0.28
0.2811111111111111
0.2822222222222222
0.2833333333333333
0.28444444444444444
0.28555555555555556
0.2866666666666667
0.2877777777777778
0.28888888888888886
0.29
0.2911111111111111
0.2922222222222222
0.29333333333333333
0.29444444444444445
0.29555555555555557
0.2966666666666667
0.29777777777777775
0.29888888888888887
0.3
0.3011111111111111
0.3022222222222222
0.30333333333333334
0.30444444444444446
0.3055555555555556
0.30666666666666664
0.30777777777777776
0.3088888888888889
0.31
0.3111111111111111
0.31222222222222223
0.31333333333333335
0.31444444444444447
0.31555555555555553
0.31666666666666665
0.31777777777777777
0.3188888888888889
0.32
0.3211111111111111
0.32222222222222224
0.3233333333333333
0.3244444444444444
0.32555555555555554
0.32666666666666666
0.3277777777777778
0.3288888888888889
0.33
0.33111111111111113
0.3322222222222222
0.3333333333333333
0.33444444444444443
0.33555555555555555
0.33666666666666667
0.3377777777777778
0.3388888888888889
0.34
0.3411111111111111
0.3422222222222222
0.3433333333333333
0.34444444444444444
0.34555555555555556
0.3466666666666667
0.3477777777777778
0.3488888888888889
0.35
0.3511111111111111
0.3522222222222222
0.35333333333333333
0.35444444444444445
0.35555555555555557
0.3566666666666667
0.35777777777777775
0.35888888888888887
0.36
0.3611111111111111
0.3622222222222222
0.36333333333333334
0.36444444444444446
0.3655555555555556
0.36666666666666664
0.36777777777777776
0.3688888888888889
0.37
0.3711111111111111
0.37222222222222223
0.37333333333333335
0.37444444444444447
0.37555555555555553
0.37666666666666665
0.37777777777777777
0.3788888888888889
0.38
0.3811111111111111
0.38222222222222224
0.38333333333333336
0.3844444444444444
0.38555555555555554
0.38666666666666666
0.3877777777777778
0.3888888888888889
0.39
0.39111111111111113
0.39222222222222225
0.3933333333333333
0.39444444444444443
0.39555555555555555
0.39666666666666667
0.3977777777777778
0.3988888888888889
0.4
0.4011111111111111
0.4022222222222222
0.4033333333333333
0.40444444444444444
0.40555555555555556
0.4066666666666667
0.4077777777777778
0.4088888888888889
0.41
0.4111111111111111
0.4122222222222222
0.41333333333333333
0.41444444444444445
0.41555555555555557
0.4166666666666667
0.4177777777777778
0.41888888888888887
0.42
0.4211111111111111
0.4222222222222222
0.42333333333333334
0.42444444444444446
0.4255555555555556
0.4266666666666667
0.42777777777777776
0.4288888888888889
0.43
0.4311111111111111
0.43222222222222223
0.43333333333333335
0.43444444444444447
0.43555555555555553
0.43666666666666665
0.43777777777777777
0.4388888888888889
0.44
0.4411111111111111
0.44222222222222224
0.44333333333333336
0.4444444444444444
0.44555555555555554
0.44666666666666666
0.4477777777777778
0.4488888888888889
0.45
0.45111111111111113
0.45222222222222225
0.4533333333333333
0.45444444444444443
0.45555555555555555
0.45666666666666667
0.4577777777777778
0.4588888888888889
0.46
0.46111111111111114
0.4622222222222222
0.4633333333333333
0.46444444444444444
0.46555555555555556
0.4666666666666667
0.4677777777777778
0.4688888888888889
0.47
0.4711111111111111
0.4722222222222222
0.47333333333333333
0.47444444444444445
0.47555555555555556
0.4766666666666667
0.4777777777777778
0.47888888888888886
0.48
0.4811111111111111
0.4822222222222222
0.48333333333333334
0.48444444444444446
0.4855555555555556
0.4866666666666667
0.48777777777777775
0.4888888888888889
0.49
0.4911111111111111
0.4922222222222222
0.49333333333333335
0.49444444444444446
0.4955555555555556
0.49666666666666665
0.49777777777777776
0.4988888888888889
0.5
0.5011111111111111
0.5022222222222222
0.5033333333333333
0.5044444444444445
0.5055555555555555
0.5066666666666667
0.5077777777777778
0.5088888888888888
0.51
0.5111111111111111
0.5122222222222222
0.5133333333333333
0.5144444444444445
0.5155555555555555
0.5166666666666667
0.5177777777777778
0.5188888888888888
0.52
0.5211111111111111
0.5222222222222223
0.5233333333333333
0.5244444444444445
0.5255555555555556
0.5266666666666666
0.5277777777777778
0.5288888888888889
0.53
0.5311111111111111
0.5322222222222223
0.5333333333333333
0.5344444444444445
0.5355555555555556
0.5366666666666666
0.5377777777777778
0.5388888888888889
0.54
0.5411111111111111
0.5422222222222223
0.5433333333333333
0.5444444444444444
0.5455555555555556
0.5466666666666666
0.5477777777777778
0.5488888888888889
0.55
0.5511111111111111
0.5522222222222222
0.5533333333333333
0.5544444444444444
0.5555555555555556
0.5566666666666666
0.5577777777777778
0.5588888888888889
0.56
0.5611111111111111
0.5622222222222222
0.5633333333333334
0.5644444444444444
0.5655555555555556
0.5666666666666667
0.5677777777777778
0.5688888888888889
0.57
0.5711111111111111
0.5722222222222222
0.5733333333333334
0.5744444444444444
0.5755555555555556
0.5766666666666667
0.5777777777777777
0.5788888888888889
0.58
0.5811111111111111
0.5822222222222222
0.5833333333333334
0.5844444444444444
0.5855555555555556
0.5866666666666667
0.5877777777777777
0.5888888888888889
0.59
0.5911111111111111
0.5922222222222222
0.5933333333333334
0.5944444444444444
0.5955555555555555
0.5966666666666667
0.5977777777777777
0.5988888888888889
0.6
0.6011111111111112
0.6022222222222222
0.6033333333333334
0.6044444444444445
0.6055555555555555
0.6066666666666667
0.6077777777777778
0.6088888888888889
0.61
0.6111111111111112
0.6122222222222222
0.6133333333333333
0.6144444444444445
0.6155555555555555
0.6166666666666667
0.6177777777777778
0.6188888888888889
0.62
0.6211111111111111
0.6222222222222222
0.6233333333333333
0.6244444444444445
0.6255555555555555
0.6266666666666667
0.6277777777777778
0.6288888888888889
0.63
0.6311111111111111
0.6322222222222222
0.6333333333333333
0.6344444444444445
0.6355555555555555
0.6366666666666667
0.6377777777777778
0.6388888888888888
0.64
0.6411111111111111
0.6422222222222222
0.6433333333333333
0.6444444444444445
0.6455555555555555
0.6466666666666666
0.6477777777777778
0.6488888888888888
0.65
0.6511111111111111
0.6522222222222223
0.6533333333333333
0.6544444444444445
0.6555555555555556
0.6566666666666666
0.6577777777777778
0.6588888888888889
0.66
0.6611111111111111
0.6622222222222223
0.6633333333333333
0.6644444444444444
0.6655555555555556
0.6666666666666666
0.6677777777777778
0.6688888888888889
0.67
0.6711111111111111
0.6722222222222223
0.6733333333333333
0.6744444444444444
0.6755555555555556
0.6766666666666666
0.6777777777777778
0.6788888888888889
0.68
0.6811111111111111
0.6822222222222222
0.6833333333333333
0.6844444444444444
0.6855555555555556
0.6866666666666666
0.6877777777777778
0.6888888888888889
0.69
0.6911111111111111
0.6922222222222222
0.6933333333333334
0.6944444444444444
0.6955555555555556
0.6966666666666667
0.6977777777777778
0.6988888888888889
0.7
0.7011111111111111
0.7022222222222222
0.7033333333333334
0.7044444444444444
0.7055555555555556
0.7066666666666667
0.7077777777777777
0.7088888888888889
0.71
0.7111111111111111
0.7122222222222222
0.7133333333333334
0.7144444444444444
0.7155555555555555
0.7166666666666667
0.7177777777777777
0.7188888888888889
0.72
0.7211111111111111
0.7222222222222222
0.7233333333333334
0.7244444444444444
0.7255555555555555
0.7266666666666667
0.7277777777777777
0.7288888888888889
0.73
0.7311111111111112
0.7322222222222222
0.7333333333333333
0.7344444444444445
0.7355555555555555
0.7366666666666667
0.7377777777777778
0.7388888888888889
0.74
0.7411111111111112
0.7422222222222222
0.7433333333333333
0.7444444444444445
0.7455555555555555
0.7466666666666667
0.7477777777777778
0.7488888888888889
0.75
0.7511111111111111
0.7522222222222222
0.7533333333333333
0.7544444444444445
0.7555555555555555
0.7566666666666667
0.7577777777777778
0.7588888888888888
0.76
0.7611111111111111
0.7622222222222222
0.7633333333333333
0.7644444444444445
0.7655555555555555
0.7666666666666667
0.7677777777777778
0.7688888888888888
0.77
0.7711111111111111
0.7722222222222223
0.7733333333333333
0.7744444444444445
0.7755555555555556
0.7766666666666666
0.7777777777777778
0.7788888888888889
0.78
0.7811111111111111
0.7822222222222223
0.7833333333333333
0.7844444444444445
0.7855555555555556
0.7866666666666666
0.7877777777777778
0.7888888888888889
0.79
0.7911111111111111
0.7922222222222223
0.7933333333333333
0.7944444444444444
0.7955555555555556
0.7966666666666666
0.7977777777777778
0.7988888888888889
0.8
0.8011111111111111
0.8022222222222222
0.8033333333333333
0.8044444444444444
0.8055555555555556
0.8066666666666666
0.8077777777777778
0.8088888888888889
0.81
0.8111111111111111
0.8122222222222222
0.8133333333333334
0.8144444444444444
0.8155555555555556
0.8166666666666667
0.8177777777777778
0.8188888888888889
0.82
0.8211111111111111
0.8222222222222222
0.8233333333333334
0.8244444444444444
0.8255555555555556
0.8266666666666667
0.8277777777777777
0.8288888888888889
0.83
0.8311111111111111
0.8322222222222222
0.8333333333333334
0.8344444444444444
0.8355555555555556
0.8366666666666667
0.8377777777777777
0.8388888888888889
0.84
0.8411111111111111
0.8422222222222222
0.8433333333333334
0.8444444444444444
0.8455555555555555
0.8466666666666667
0.8477777777777777
0.8488888888888889
0.85
0.8511111111111112
0.8522222222222222
0.8533333333333334
0.8544444444444445
0.8555555555555555
0.8566666666666667
0.8577777777777778
0.8588888888888889
0.86
0.8611111111111112
0.8622222222222222
0.8633333333333333
0.8644444444444445
0.8655555555555555
0.8666666666666667
0.8677777777777778
0.8688888888888889
0.87
0.8711111111111111
0.8722222222222222
0.8733333333333333
0.8744444444444445
0.8755555555555555
0.8766666666666667
0.8777777777777778
0.8788888888888889
0.88
0.8811111111111111
0.8822222222222222
0.8833333333333333
0.8844444444444445
0.8855555555555555
0.8866666666666667
0.8877777777777778
0.8888888888888888
0.89
0.8911111111111111
0.8922222222222222
0.8933333333333333
0.8944444444444445
0.8955555555555555
0.8966666666666666
0.8977777777777778
0.8988888888888888
0.9
0.9011111111111111
0.9022222222222223
0.9033333333333333
0.9044444444444445
0.9055555555555556
0.9066666666666666
0.9077777777777778
0.9088888888888889
0.91
0.9111111111111111
0.9122222222222223
0.9133333333333333
0.9144444444444444
0.9155555555555556
0.9166666666666666
0.9177777777777778
0.9188888888888889
0.92
0.9211111111111111
0.9222222222222223
0.9233333333333333
0.9244444444444444
0.9255555555555556
0.9266666666666666
0.9277777777777778
0.9288888888888889
0.93
0.9311111111111111
0.9322222222222222
0.9333333333333333
0.9344444444444444
0.9355555555555556
0.9366666666666666
0.9377777777777778
0.9388888888888889
0.94
0.9411111111111111
0.9422222222222222
0.9433333333333334
0.9444444444444444
0.9455555555555556
0.9466666666666667
0.9477777777777778
0.9488888888888889
0.95
0.9511111111111111
0.9522222222222222
0.9533333333333334
0.9544444444444444
0.9555555555555556
0.9566666666666667
0.9577777777777777
0.9588888888888889
0.96
0.9611111111111111
0.9622222222222222
0.9633333333333334
0.9644444444444444
0.9655555555555555
0.9666666666666667
0.9677777777777777
0.9688888888888889
0.97
0.9711111111111111
0.9722222222222222
0.9733333333333334
0.9744444444444444
0.9755555555555555
0.9766666666666667
0.9777777777777777
0.9788888888888889
0.98
0.9811111111111112
0.9822222222222222
0.9833333333333333
0.9844444444444445
0.9855555555555555
0.9866666666666667
0.9877777777777778
0.9888888888888889
0.99
0.9911111111111112
0.9922222222222222
0.9933333333333333
0.9944444444444445
0.9955555555555555
0.9966666666666667
0.9977777777777778
0.9988888888888889
1.0
0.0
0.0011111111111111111
0.0022222222222222222
0.0033333333333333335
0.0044444444444444444
0.005555555555555556
0.006666666666666667
0.0077777777777777776
0.008888888888888889
0.01
0.011111111111111112
0.012222222222222223
0.013333333333333334
0.014444444444444444
0.015555555555555555
0.016666666666666666
0.017777777777777778
0.01888888888888889
0.02
0.021111111111111112
0.022222222222222223
0.023333333333333334
0.024444444444444446
0.025555555555555557
0.02666666666666667
0.027777777777777776
0.028888888888888888
0.03
0.03111111111111111
0.03222222222222222
0.03333333333333333
0.034444444444444444
0.035555555555555556
0.03666666666666667
0.03777777777777778
0.03888888888888889
0.04
0.04111111111111111
0.042222222222222223
0.043333333333333335
0.044444444444444446
0.04555555555555556
0.04666666666666667
0.04777777777777778
0.04888888888888889
0.05
0.051111111111111114
0.052222222222222225
0.05333333333333334
0.05444444444444444
0.05555555555555555
0.056666666666666664
0.057777777777777775
0.058888888888888886
0.06
0.06111111111111111
0.06222222222222222
0.06333333333333334
0.06444444444444444
0.06555555555555556
0.06666666666666667
0.06777777777777778
0.06888888888888889
0.07
0.07111111111111111
0.07222222222222222
0.07333333333333333
0.07444444444444444
0.07555555555555556
0.07666666666666666
0.07777777777777778
0.07888888888888888
0.08
0.0811111111111111
0.08222222222222222
0.08333333333333333
0.08444444444444445
0.08555555555555555
0.08666666666666667
0.08777777777777777
0.08888888888888889
0.09
0.09111111111111111
0.09222222222222222
0.09333333333333334
0.09444444444444444
0.09555555555555556
0.09666666666666666
0.09777777777777778
0.09888888888888889
0.1
0.10111111111111111
0.10222222222222223
0.10333333333333333
0.10444444444444445
0.10555555555555556
0.10666666666666667
0.10777777777777778
0.10888888888888888
0.11
0.1111111111111111
0.11222222222222222
0.11333333333333333
0.11444444444444445
0.11555555555555555
0.11666666666666667
0.11777777777777777
0.11888888888888889
0.12
0.12111111111111111
0.12222222222222222
0.12333333333333334
0.12444444444444444
0.12555555555555556
0.12666666666666668
0.12777777777777777
0.1288888888888889
0.13
0.13111111111111112
0.1322222222222222
0.13333333333333333
0.13444444444444445
0.13555555555555557
0.13666666666666666
0.13777777777777778
0.1388888888888889
0.14
0.1411111111111111
0.14222222222222222
0.14333333333333334
0.14444444444444443
0.14555555555555555
0.14666666666666667
0.14777777777777779
0.14888888888888888
0.15
0.1511111111111111
0.15222222222222223
0.15333333333333332
0.15444444444444444
0.15555555555555556
0.15666666666666668
0.15777777777777777
0.15888888888888889
0.16
0.16111111111111112
0.1622222222222222
0.16333333333333333
0.16444444444444445
0.16555555555555557
0.16666666666666666
0.16777777777777778
0.1688888888888889
0.17
0.1711111111111111
0.17222222222222222
0.17333333333333334
0.17444444444444446
0.17555555555555555
0.17666666666666667
0.17777777777777778
0.17888888888888888
0.18
0.1811111111111111
0.18222222222222223
0.18333333333333332
0.18444444444444444
0.18555555555555556
0.18666666666666668
0.18777777777777777
0.18888888888888888
0.19
0.19111111111111112
0.1922222222222222
0.19333333333333333
0.19444444444444445
0.19555555555555557
0.19666666666666666
0.19777777777777777
0.1988888888888889
0.2
0.2011111111111111
0.20222222222222222
0.20333333333333334
0.20444444444444446
0.20555555555555555
0.20666666666666667
0.20777777777777778
0.2088888888888889
0.21
0.2111111111111111
0.21222222222222223
0.21333333333333335
0.21444444444444444
0.21555555555555556
0.21666666666666667
0.21777777777777776
0.21888888888888888
0.22
0.22111111111111112
0.2222222222222222
0.22333333333333333
0.22444444444444445
0.22555555555555556
0.22666666666666666
0.22777777777777777
0.2288888888888889
0.23
0.2311111111111111
0.23222222222222222
0.23333333333333334
0.23444444444444446
0.23555555555555555
0.23666666666666666
0.23777777777777778
0.2388888888888889
0.24
0.2411111111111111
0.24222222222222223
0.24333333333333335
0.24444444444444444
0.24555555555555555
0.24666666666666667
0.2477777777777778
0.24888888888888888
0.25
0.2511111111111111
0.25222222222222224
0.25333333333333335
0.2544444444444444
0.25555555555555554
0.25666666666666665
0.2577777777777778
0.2588888888888889
0.26
0.2611111111111111
0.26222222222222225
0.2633333333333333
0.2644444444444444
0.26555555555555554
0.26666666666666666
0.2677777777777778
0.2688888888888889
0.27
0.27111111111111114
0.2722222222222222
0.2733333333333333
0.27444444444444444
0.27555555555555555
0.27666666666666667
0.2777777777777778
0.2788888888888889
0.28
0.2811111111111111
0.2822222222222222
0.2833333333333333
0.28444444444444444
0.28555555555555556
0.2866666666666667
0.2877777777777778
0.28888888888888886
0.29
0.2911111111111111
0.2922222222222222
0.29333333333333333
0.29444444444444445
0.29555555555555557
0.2966666666666667
0.29777777777777775
0.29888888888888887
0.3
0.3011111111111111
0.3022222222222222
0.30333333333333334
0.30444444444444446
0.3055555555555556
0.30666666666666664
0.30777777777777776
0.3088888888888889
0.31
0.3111111111111111
0.31222222222222223
0.31333333333333335
0.31444444444444447
0.31555555555555553
0.31666666666666665
0.31777777777777777
0.3188888888888889
0.32
0.3211111111111111
0.32222222222222224
0.3233333333333333
0.3244444444444444
0.32555555555555554
0.32666666666666666
0.3277777777777778
0.3288888888888889
0.33
0.33111111111111113
0.3322222222222222
0.3333333333333333
0.33444444444444443
0.33555555555555555
0.33666666666666667
0.3377777777777778
0.3388888888888889
0.34
0.3411111111111111
0.3422222222222222
0.3433333333333333
0.34444444444444444
0.34555555555555556
0.3466666666666667
0.3477777777777778
0.3488888888888889
0.35
0.3511111111111111
0.3522222222222222
0.35333333333333333
0.35444444444444445
0.35555555555555557
0.3566666666666667
0.35777777777777775
0.35888888888888887
0.36
0.3611111111111111
0.3622222222222222
0.36333333333333334
0.36444444444444446
0.3655555555555556
0.36666666666666664
0.36777777777777776
0.3688888888888889
0.37
0.3711111111111111
0.37222222222222223
0.37333333333333335
0.37444444444444447
0.37555555555555553
0.37666666666666665
0.37777777777777777
0.3788888888888889
0.38
0.3811111111111111
0.38222222222222224
0.38333333333333336
0.3844444444444444
0.38555555555555554
0.38666666666666666
0.3877777777777778
0.3888888888888889
0.39
0.39111111111111113
0.39222222222222225
0.3933333333333333
0.39444444444444443
0.39555555555555555
0.39666666666666667
0.3977777777777778
0.3988888888888889
0.4
0.4011111111111111
0.4022222222222222
0.4033333333333333
0.40444444444444444
0.40555555555555556
0.4066666666666667
0.4077777777777778
0.4088888888888889
0.41
0.4111111111111111
0.4122222222222222
0.41333333333333333
0.41444444444444445
0.41555555555555557
0.4166666666666667
0.4177777777777778
0.41888888888888887
0.42
0.4211111111111111
0.4222222222222222
0.42333333333333334
0.42444444444444446
0.4255555555555556
0.4266666666666667
0.42777777777777776
0.4288888888888889
0.43
0.4311111111111111
0.43222222222222223
0.43333333333333335
0.43444444444444447
0.43555555555555553
0.43666666666666665
0.43777777777777777
0.4388888888888889
0.44
0.4411111111111111
0.44222222222222224
0.44333333333333336
0.4444444444444444
0.44555555555555554
0.44666666666666666
0.4477777777777778
0.4488888888888889
0.45
0.45111111111111113
0.45222222222222225
0.4533333333333333
0.45444444444444443
0.45555555555555555
0.45666666666666667
0.4577777777777778
0.4588888888888889
0.46
0.46111111111111114
0.4622222222222222
0.4633333333333333
0.46444444444444444
0.46555555555555556
0.4666666666666667
0.4677777777777778
0.4688888888888889
0.47
0.4711111111111111
0.4722222222222222
0.47333333333333333
0.47444444444444445
0.47555555555555556
0.4766666666666667
0.4777777777777778
0.47888888888888886
0.48
0.4811111111111111
0.4822222222222222
0.48333333333333334
0.48444444444444446
0.4855555555555556
0.4866666666666667
0.48777777777777775
0.4888888888888889
0.49
0.4911111111111111
0.4922222222222222
0.49333333333333335
0.49444444444444446
0.4955555555555556
0.49666666666666665
0.49777777777777776
0.4988888888888889
0.5
0.5011111111111111
0.5022222222222222
0.5033333333333333
0.5044444444444445
0.5055555555555555
0.5066666666666667
0.5077777777777778
0.5088888888888888
0.51
0.5111111111111111
0.5122222222222222
0.5133333333333333
0.5144444444444445
0.5155555555555555
0.5166666666666667
0.5177777777777778
0.5188888888888888
0.52
0.5211111111111111
0.5222222222222223
0.5233333333333333
0.5244444444444445
0.5255555555555556
0.5266666666666666
0.5277777777777778
0.5288888888888889
0.53
0.5311111111111111
0.5322222222222223
0.5333333333333333
0.5344444444444445
0.5355555555555556
0.5366666666666666
0.5377777777777778
0.5388888888888889
0.54
0.5411111111111111
0.5422222222222223
0.5433333333333333
0.5444444444444444
0.5455555555555556
0.5466666666666666
0.5477777777777778
0.5488888888888889
0.55
0.5511111111111111
0.5522222222222222
0.5533333333333333
0.5544444444444444
0.5555555555555556
0.5566666666666666
0.5577777777777778
0.5588888888888889
0.56
0.5611111111111111
0.5622222222222222
0.5633333333333334
0.5644444444444444
0.5655555555555556
0.5666666666666667
0.5677777777777778
0.5688888888888889
0.57
0.5711111111111111
0.5722222222222222
0.5733333333333334
0.5744444444444444
0.5755555555555556
0.5766666666666667
0.5777777777777777
0.5788888888888889
0.58
0.5811111111111111
0.5822222222222222
0.5833333333333334
0.5844444444444444
0.5855555555555556
0.5866666666666667
0.5877777777777777
0.5888888888888889
0.59
0.5911111111111111
0.5922222222222222
0.5933333333333334
0.5944444444444444
0.5955555555555555
0.5966666666666667
0.5977777777777777
0.5988888888888889
0.6
0.6011111111111112
0.6022222222222222
0.6033333333333334
0.6044444444444445
0.6055555555555555
0.6066666666666667
0.6077777777777778
0.6088888888888889
0.61
0.6111111111111112
0.6122222222222222
0.6133333333333333
0.6144444444444445
0.6155555555555555
0.6166666666666667
0.6177777777777778
0.6188888888888889
0.62
0.6211111111111111
0.6222222222222222
0.6233333333333333
0.6244444444444445
0.6255555555555555
0.6266666666666667
0.6277777777777778
0.6288888888888889
0.63
0.6311111111111111
0.6322222222222222
0.6333333333333333
0.6344444444444445
0.6355555555555555
0.6366666666666667
0.6377777777777778
0.6388888888888888
0.64
0.6411111111111111
0.6422222222222222
0.6433333333333333
0.6444444444444445
0.6455555555555555
0.6466666666666666
0.6477777777777778
0.6488888888888888
0.65
0.6511111111111111
0.6522222222222223
0.6533333333333333
0.6544444444444445
0.6555555555555556
0.6566666666666666
0.6577777777777778
0.6588888888888889
0.66
0.6611111111111111
0.6622222222222223
0.6633333333333333
0.6644444444444444
0.6655555555555556
0.6666666666666666
0.6677777777777778
0.6688888888888889
0.67
0.6711111111111111
0.6722222222222223
0.6733333333333333
0.6744444444444444
0.6755555555555556
0.6766666666666666
0.6777777777777778
0.6788888888888889
0.68
0.6811111111111111
0.6822222222222222
0.6833333333333333
0.6844444444444444
0.6855555555555556
0.6866666666666666
0.6877777777777778
0.6888888888888889
0.69
0.6911111111111111
0.6922222222222222
0.6933333333333334
0.6944444444444444
0.6955555555555556
0.6966666666666667
0.6977777777777778
0.6988888888888889
0.7
0.7011111111111111
0.7022222222222222
0.7033333333333334
0.7044444444444444
0.7055555555555556
0.7066666666666667
0.7077777777777777
0.7088888888888889
0.71
0.7111111111111111
0.7122222222222222
0.7133333333333334
0.7144444444444444
0.7155555555555555
0.7166666666666667
0.7177777777777777
0.7188888888888889
0.72
0.7211111111111111
0.7222222222222222
0.7233333333333334
0.7244444444444444
0.7255555555555555
0.7266666666666667
0.7277777777777777
0.7288888888888889
0.73
0.7311111111111112
0.7322222222222222
0.7333333333333333
0.7344444444444445
0.7355555555555555
0.7366666666666667
0.7377777777777778
0.7388888888888889
0.74
0.7411111111111112
0.7422222222222222
0.7433333333333333
0.7444444444444445
0.7455555555555555
0.7466666666666667
0.7477777777777778
0.7488888888888889
0.75
0.7511111111111111
0.7522222222222222
0.7533333333333333
0.7544444444444445
0.7555555555555555
0.7566666666666667
0.7577777777777778
0.7588888888888888
0.76
0.7611111111111111
0.7622222222222222
0.7633333333333333
0.7644444444444445
0.7655555555555555
0.7666666666666667
0.7677777777777778
0.7688888888888888
0.77
0.7711111111111111
0.7722222222222223
0.7733333333333333
0.7744444444444445
0.7755555555555556
0.7766666666666666
0.7777777777777778
0.7788888888888889
0.78
0.7811111111111111
0.7822222222222223
0.7833333333333333
0.7844444444444445
0.7855555555555556
0.7866666666666666
0.7877777777777778
0.7888888888888889
0.79
0.7911111111111111
0.7922222222222223
0.7933333333333333
0.7944444444444444
0.7955555555555556
0.7966666666666666
0.7977777777777778
0.7988888888888889
0.8
0.8011111111111111
0.8022222222222222
0.8033333333333333
0.8044444444444444
0.8055555555555556
0.8066666666666666
0.8077777777777778
0.8088888888888889
0.81
0.8111111111111111
0.8122222222222222
0.8133333333333334
0.8144444444444444
0.8155555555555556
0.8166666666666667
0.8177777777777778
0.8188888888888889
0.82
0.8211111111111111
0.8222222222222222
0.8233333333333334
0.8244444444444444
0.8255555555555556
0.8266666666666667
0.8277777777777777
0.8288888888888889
0.83
0.8311111111111111
0.8322222222222222
0.8333333333333334
0.8344444444444444
0.8355555555555556
0.8366666666666667
0.8377777777777777
0.8388888888888889
0.84
0.8411111111111111
0.8422222222222222
0.8433333333333334
0.8444444444444444
0.8455555555555555
0.8466666666666667
0.8477777777777777
0.8488888888888889
0.85
0.8511111111111112
0.8522222222222222
0.8533333333333334
0.8544444444444445
0.8555555555555555
0.8566666666666667
0.8577777777777778
0.8588888888888889
0.86
0.8611111111111112
0.8622222222222222
0.8633333333333333
0.8644444444444445
0.8655555555555555
0.8666666666666667
0.8677777777777778
0.8688888888888889
0.87
0.8711111111111111
0.8722222222222222
0.8733333333333333
0.8744444444444445
0.8755555555555555
0.8766666666666667
0.8777777777777778
0.8788888888888889
0.88
0.8811111111111111
0.8822222222222222
0.8833333333333333
0.8844444444444445
0.8855555555555555
0.8866666666666667
0.8877777777777778
0.8888888888888888
0.89
0.8911111111111111
0.8922222222222222
0.8933333333333333
0.8944444444444445
0.8955555555555555
0.8966666666666666
0.8977777777777778
0.8988888888888888
0.9
0.9011111111111111
0.9022222222222223
0.9033333333333333
0.9044444444444445
0.9055555555555556
0.9066666666666666
0.9077777777777778
0.9088888888888889
0.91
0.9111111111111111
0.9122222222222223
0.9133333333333333
0.9144444444444444
0.9155555555555556
0.9166666666666666
0.9177777777777778
0.9188888888888889
0.92
0.9211111111111111
0.9222222222222223
0.9233333333333333
0.9244444444444444
0.9255555555555556
0.9266666666666666
0.9277777777777778
0.9288888888888889
0.93
0.9311111111111111
0.9322222222222222
0.9333333333333333
0.9344444444444444
0.9355555555555556
0.9366666666666666
0.9377777777777778
0.9388888888888889
0.94
0.9411111111111111
0.9422222222222222
0.9433333333333334
0.9444444444444444
0.9455555555555556
0.9466666666666667
0.9477777777777778
0.9488888888888889
0.95
0.9511111111111111
0.9522222222222222
0.9533333333333334
0.9544444444444444
0.9555555555555556
0.9566666666666667
0.9577777777777777
0.9588888888888889
0.96
0.9611111111111111
0.9622222222222222
0.9633333333333334
0.9644444444444444
0.9655555555555555
0.9666666666666667
0.9677777777777777
0.9688888888888889
0.97
0.9711111111111111
0.9722222222222222
0.9733333333333334
0.9744444444444444
0.9755555555555555
0.9766666666666667
0.9777777777777777
0.9788888888888889
0.98
0.9811111111111112
0.9822222222222222
0.9833333333333333
0.9844444444444445
0.9855555555555555
0.9866666666666667
0.9877777777777778
0.9888888888888889
0.99
0.9911111111111112
0.9922222222222222
0.9933333333333333
0.9944444444444445
0.9955555555555555
0.9966666666666667
0.9977777777777778
0.9988888888888889
1.0
